time	V(cap)	V(logic)	V(signal_in)	V(signal_out)
0.000000000000000e+000	0.000000e+000	0.000000e+000	0.000000e+000	0.000000e+000
1.000000000000000e-012	6.174558e-018	1.000000e+000	2.607522e-007	1.163862e-016
7.445314903051040e-010	-3.886651e-008	1.000000e+000	1.941382e-004	-6.252574e-007
1.488062980610208e-009	1.097491e-009	1.000000e+000	3.880157e-004	1.002919e-007
2.231594470915312e-009	1.198920e-007	1.000000e+000	5.818932e-004	2.176648e-006
2.975125961220416e-009	3.175170e-007	1.000000e+000	7.757706e-004	5.603810e-006
3.718657451525520e-009	5.939726e-007	1.000000e+000	9.696481e-004	1.038178e-005
4.462188941830624e-009	9.492586e-007	1.000000e+000	1.163526e-003	1.651056e-005
5.205720432135726e-009	1.383375e-006	1.000000e+000	1.357403e-003	2.399014e-005
6.584959332825269e-009	2.794814e-006	1.000000e+000	1.717043e-003	4.742818e-005
8.370955023067695e-009	5.723702e-006	1.000000e+000	2.182745e-003	9.445936e-005
1.071853201716566e-008	1.177325e-005	1.000000e+000	2.794881e-003	1.878514e-004
1.336374938599190e-008	2.247493e-005	1.000000e+000	3.484627e-003	3.449009e-004
1.698865354942678e-008	4.520528e-005	1.000000e+000	4.429828e-003	6.583694e-004
2.149895125099294e-008	8.898885e-005	1.000000e+000	5.605897e-003	1.214343e-003
2.782240933109792e-008	1.839062e-004	1.000000e+000	7.254751e-003	2.294099e-003
3.655236774002857e-008	3.820095e-004	1.000000e+000	9.531103e-003	4.244612e-003
4.811550190098941e-008	7.584467e-004	1.000000e+000	1.254621e-002	7.353583e-003
6.128807263073300e-008	1.335868e-003	1.000000e+000	1.598097e-002	1.121816e-002
7.673794104783803e-008	2.198263e-003	1.000000e+000	2.000953e-002	1.573087e-002
9.662194100000516e-008	3.579649e-003	1.000000e+000	2.519426e-002	2.117594e-002
1.309756227658930e-007	6.486863e-003	1.000000e+000	3.415189e-002	3.007557e-002
1.653454107360314e-007	1.005673e-002	1.000000e+000	4.311359e-002	3.893470e-002
2.225016468380713e-007	1.747745e-002	1.000000e+000	5.801624e-002	5.383801e-002
3.259156244512943e-007	3.387669e-002	1.000000e+000	8.497838e-002	8.082853e-002
4.478855332504216e-007	5.691479e-002	1.000000e+000	1.167747e-001	1.126182e-001
6.257390241371639e-007	9.540547e-002	1.000000e+000	1.631294e-001	1.589789e-001
8.472242196211614e-007	1.477018e-001	1.000000e+000	2.208359e-001	2.166865e-001
1.081599219621161e-006	2.059619e-001	1.000000e+000	2.818693e-001	2.777230e-001
1.315974219621161e-006	2.657389e-001	1.000000e+000	3.428611e-001	3.387172e-001
1.784724219621161e-006	3.868907e-001	1.000000e+000	4.646818e-001	4.605452e-001
2.722224219621162e-006	6.313526e-001	1.000000e+000	7.088330e-001	7.047180e-001
3.659724219621162e-006	8.729019e-001	1.000000e+000	9.498720e-001	9.457883e-001
4.597224219621162e-006	1.111539e+000	1.000000e+000	1.187799e+000	1.183756e+000
5.534724219621163e-006	1.347263e+000	1.000000e+000	1.422614e+000	1.418621e+000
6.472224219621164e-006	1.580074e+000	1.000000e+000	1.654316e+000	1.650384e+000
7.409724219621163e-006	1.809973e+000	1.000000e+000	1.882907e+000	1.879044e+000
8.347224219621162e-006	2.036959e+000	1.000000e+000	2.108385e+000	2.104601e+000
9.954367076764023e-006	2.417712e+000	1.000000e+000	2.486148e+000	2.482523e+000
1.156150993390689e-005	2.775682e+000	1.000000e+000	2.840714e+000	2.837272e+000
1.316865279104975e-005	3.110868e+000	1.000000e+000	3.172086e+000	3.168847e+000
1.477579564819261e-005	3.423271e+000	1.000000e+000	3.480262e+000	3.477248e+000
1.638293850533547e-005	3.712890e+000	1.000000e+000	3.765242e+000	3.762475e+000
1.799008136247834e-005	3.979726e+000	1.000000e+000	4.027027e+000	4.024529e+000
1.959722421962119e-005	4.223779e+000	1.000000e+000	4.265616e+000	4.263409e+000
2.036904947396102e-005	4.328294e+000	1.000000e+000	4.367426e+000	4.365362e+000
2.114087472830085e-005	4.425456e+000	1.000000e+000	4.461831e+000	4.459914e+000
2.191269998264068e-005	4.515265e+000	1.000000e+000	4.548831e+000	4.547064e+000
2.268452523698051e-005	4.597721e+000	1.000000e+000	4.628427e+000	4.626812e+000
2.345635049132034e-005	4.672825e+000	1.000000e+000	4.700618e+000	4.699158e+000
2.422817574566017e-005	4.740576e+000	1.000000e+000	4.765405e+000	4.764102e+000
2.500000100000000e-005	4.800974e+000	1.000000e+000	4.822787e+000	4.821644e+000
2.500000110000000e-005	4.800974e+000	9.000000e-001	4.822787e+000	4.821644e+000
2.500000130000000e-005	4.800974e+000	7.000000e-001	4.822787e+000	4.821644e+000
2.500000170000000e-005	4.800974e+000	3.000000e-001	4.822787e+000	4.821644e+000
2.500000200000000e-005	4.800974e+000	0.000000e+000	4.822787e+000	4.821643e+000
2.500000208000000e-005	4.800974e+000	0.000000e+000	4.822787e+000	4.821643e+000
2.500000224000000e-005	4.800974e+000	0.000000e+000	4.822787e+000	4.821643e+000
2.500000256000000e-005	4.800974e+000	0.000000e+000	4.822787e+000	4.821643e+000
2.500000320000000e-005	4.800974e+000	0.000000e+000	4.822787e+000	4.821642e+000
2.500000448000000e-005	4.800974e+000	0.000000e+000	4.822787e+000	4.821640e+000
2.500000704000000e-005	4.800974e+000	0.000000e+000	4.822788e+000	4.821637e+000
2.500001215999999e-005	4.800974e+000	0.000000e+000	4.822788e+000	4.821630e+000
2.500002239999999e-005	4.800974e+000	0.000000e+000	4.822789e+000	4.821617e+000
2.500004287999997e-005	4.800974e+000	0.000000e+000	4.822790e+000	4.821590e+000
2.500008383999995e-005	4.800974e+000	0.000000e+000	4.822793e+000	4.821537e+000
2.500016575999990e-005	4.800974e+000	0.000000e+000	4.822799e+000	4.821432e+000
2.500032959999980e-005	4.800974e+000	0.000000e+000	4.822810e+000	4.821222e+000
2.500065727999960e-005	4.800974e+000	0.000000e+000	4.822832e+000	4.820812e+000
2.500131263999920e-005	4.800974e+000	0.000000e+000	4.822877e+000	4.820022e+000
2.500262335999841e-005	4.800974e+000	0.000000e+000	4.822968e+000	4.818554e+000
2.501048767999363e-005	4.800974e+000	0.000000e+000	4.823508e+000	4.812135e+000
2.502097343998726e-005	4.800974e+000	0.000000e+000	4.824226e+000	4.807373e+000
2.504194495997451e-005	4.800976e+000	0.000000e+000	4.825659e+000	4.803266e+000
2.508388799994903e-005	4.800981e+000	0.000000e+000	4.828501e+000	4.801270e+000
2.516777407989805e-005	4.801003e+000	0.000000e+000	4.834100e+000	4.801001e+000
2.533554623979610e-005	4.801070e+000	0.000000e+000	4.845049e+000	4.801152e+000
2.549097646527095e-005	4.801148e+000	0.000000e+000	4.854864e+000	4.801250e+000
2.572535146527095e-005	4.801278e+000	0.000000e+000	4.869058e+000	4.801390e+000
2.595116302922125e-005	4.801407e+000	0.000000e+000	4.882098e+000	4.801524e+000
2.618553802922125e-005	4.801546e+000	0.000000e+000	4.894909e+000	4.801667e+000
2.641991302922125e-005	4.801687e+000	0.000000e+000	4.906996e+000	4.801813e+000
2.665428802922125e-005	4.801832e+000	0.000000e+000	4.918350e+000	4.801962e+000
2.688866302922125e-005	4.801981e+000	0.000000e+000	4.928969e+000	4.802114e+000
2.712303802922125e-005	4.802132e+000	0.000000e+000	4.938851e+000	4.802269e+000
2.735741302922125e-005	4.802286e+000	0.000000e+000	4.947996e+000	4.802426e+000
2.759178802922125e-005	4.802443e+000	0.000000e+000	4.956402e+000	4.802585e+000
2.806053802922126e-005	4.802761e+000	0.000000e+000	4.970991e+000	4.802909e+000
2.852928802922126e-005	4.803087e+000	0.000000e+000	4.982609e+000	4.803238e+000
2.899803802922126e-005	4.803418e+000	0.000000e+000	4.991250e+000	4.803572e+000
2.946678802922126e-005	4.803753e+000	0.000000e+000	4.996908e+000	4.803909e+000
2.993553802922126e-005	4.804090e+000	0.000000e+000	4.999580e+000	4.804247e+000
3.040428802922126e-005	4.804428e+000	0.000000e+000	4.999266e+000	4.804584e+000
3.087303802922126e-005	4.804764e+000	0.000000e+000	4.995963e+000	4.804919e+000
3.134178802922125e-005	4.805098e+000	0.000000e+000	4.989676e+000	4.805251e+000
3.157616302922125e-005	4.805263e+000	0.000000e+000	4.985414e+000	4.805415e+000
3.181053802922125e-005	4.805427e+000	0.000000e+000	4.980406e+000	4.805577e+000
3.204491302922125e-005	4.805590e+000	0.000000e+000	4.974655e+000	4.805738e+000
3.227928802922124e-005	4.805751e+000	0.000000e+000	4.968161e+000	4.805897e+000
3.251366302922124e-005	4.805910e+000	0.000000e+000	4.960924e+000	4.806054e+000
3.274803802922124e-005	4.806067e+000	0.000000e+000	4.952947e+000	4.806208e+000
3.298241302922123e-005	4.806221e+000	0.000000e+000	4.944229e+000	4.806359e+000
3.321678802922123e-005	4.806374e+000	0.000000e+000	4.934772e+000	4.806508e+000
3.345116302922123e-005	4.806522e+000	0.000000e+000	4.924579e+000	4.806654e+000
3.368553802922123e-005	4.806669e+000	0.000000e+000	4.913650e+000	4.806797e+000
3.391991302922122e-005	4.806812e+000	0.000000e+000	4.901987e+000	4.806935e+000
3.415428802922122e-005	4.806951e+000	0.000000e+000	4.889591e+000	4.807070e+000
3.438866302922122e-005	4.807086e+000	0.000000e+000	4.876465e+000	4.807200e+000
3.462303802922122e-005	4.807218e+000	0.000000e+000	4.862611e+000	4.807326e+000
3.485741302922121e-005	4.807343e+000	0.000000e+000	4.848030e+000	4.807446e+000
3.509178802922121e-005	4.807464e+000	0.000000e+000	4.832725e+000	4.807558e+000
3.532616302922121e-005	4.807575e+000	0.000000e+000	4.816698e+000	4.807657e+000
3.556053802922120e-005	4.807669e+000	0.000000e+000	4.799951e+000	4.807720e+000
3.579491302922120e-005	4.807717e+000	0.000000e+000	4.782487e+000	4.807696e+000
3.602928802922120e-005	4.807694e+000	0.000000e+000	4.764349e+000	4.807566e+000
3.621030614649059e-005	4.807624e+000	0.000000e+000	4.749841e+000	4.807434e+000
3.641093893462611e-005	4.807515e+000	0.000000e+000	4.733231e+000	4.807305e+000
3.661382623705184e-005	4.807396e+000	0.000000e+000	4.715915e+000	4.807180e+000
3.682468200450311e-005	4.807269e+000	0.000000e+000	4.697345e+000	4.807046e+000
3.705905700450311e-005	4.807121e+000	0.000000e+000	4.676044e+000	4.806890e+000
3.729343200450310e-005	4.806967e+000	0.000000e+000	4.654061e+000	4.806729e+000
3.752780700450310e-005	4.806808e+000	0.000000e+000	4.631383e+000	4.806562e+000
3.776218200450310e-005	4.806642e+000	0.000000e+000	4.608013e+000	4.806389e+000
3.799655700450310e-005	4.806469e+000	0.000000e+000	4.583955e+000	4.806209e+000
3.823093200450309e-005	4.806291e+000	0.000000e+000	4.559212e+000	4.806023e+000
3.869968200450309e-005	4.805914e+000	0.000000e+000	4.507687e+000	4.805630e+000
3.916843200450308e-005	4.805511e+000	0.000000e+000	4.453468e+000	4.805210e+000
3.987155700450307e-005	4.804853e+000	0.000000e+000	4.367160e+000	4.804527e+000
4.057468200450307e-005	4.804130e+000	0.000000e+000	4.274981e+000	4.803776e+000
4.167959271878877e-005	4.802883e+000	0.000000e+000	4.116993e+000	4.802484e+000
4.278450343307447e-005	4.801419e+000	0.000000e+000	3.946870e+000	4.800970e+000
4.388941414736017e-005	4.799737e+000	0.000000e+000	3.764612e+000	4.799235e+000
4.499432486164587e-005	4.797836e+000	0.000000e+000	3.570219e+000	4.797279e+000
4.609923557593157e-005	4.795718e+000	0.000000e+000	3.363692e+000	4.795101e+000
4.720414629021728e-005	4.793381e+000	0.000000e+000	3.145030e+000	4.792702e+000
4.830905700450297e-005	4.790826e+000	0.000000e+000	2.914233e+000	4.790082e+000
4.976562500000001e-005	4.787023e+000	0.000000e+000	2.597610e+000	4.786188e+000
4.986626399099411e-005	4.786743e+000	0.000000e+000	2.575161e+000	4.785902e+000
4.986627599099414e-005	4.786743e+000	0.000000e+000	2.575158e+000	4.785902e+000
4.988135329525187e-005	4.786701e+000	0.000000e+000	2.571787e+000	4.785859e+000
4.989643059950961e-005	4.786658e+000	0.000000e+000	2.568415e+000	4.785816e+000
4.991150790376733e-005	4.786616e+000	0.000000e+000	2.565041e+000	4.785772e+000
4.992658520802507e-005	4.786574e+000	0.000000e+000	2.561665e+000	4.785729e+000
4.994166251228280e-005	4.786531e+000	0.000000e+000	2.558288e+000	4.785686e+000
4.995673981654053e-005	4.786489e+000	0.000000e+000	2.554910e+000	4.785643e+000
4.997181712079826e-005	4.786447e+000	0.000000e+000	2.551530e+000	4.785599e+000
4.997182312079827e-005	4.786447e+000	0.000000e+000	2.551528e+000	4.785599e+000
4.997184712079834e-005	4.786447e+000	0.000000e+000	2.551523e+000	4.785599e+000
4.997418326366198e-005	4.786440e+000	0.000000e+000	2.550999e+000	4.785592e+000
4.997651940652562e-005	4.786434e+000	0.000000e+000	2.550475e+000	4.785586e+000
4.997885554938926e-005	4.786427e+000	0.000000e+000	2.549951e+000	4.785579e+000
4.998119169225289e-005	4.786420e+000	0.000000e+000	2.549427e+000	4.785572e+000
4.998352783511653e-005	4.786414e+000	0.000000e+000	2.548903e+000	4.785565e+000
4.998586397798017e-005	4.786407e+000	0.000000e+000	2.548379e+000	4.785559e+000
4.998820012084381e-005	4.786400e+000	0.000000e+000	2.547855e+000	4.785552e+000
4.998820612084383e-005	4.786400e+000	0.000000e+000	2.547854e+000	4.785552e+000
4.998823012084389e-005	4.786400e+000	0.000000e+000	2.547848e+000	4.785552e+000
4.998932681786457e-005	4.786397e+000	0.000000e+000	2.547602e+000	4.785549e+000
4.999042351488525e-005	4.786394e+000	0.000000e+000	2.547356e+000	4.785545e+000
4.999152021190592e-005	4.786391e+000	0.000000e+000	2.547110e+000	4.785542e+000
4.999261690892660e-005	4.786388e+000	0.000000e+000	2.546864e+000	4.785539e+000
4.999371360594727e-005	4.786385e+000	0.000000e+000	2.546618e+000	4.785536e+000
4.999481030296795e-005	4.786382e+000	0.000000e+000	2.546372e+000	4.785533e+000
4.999590699998862e-005	4.786379e+000	0.000000e+000	2.546126e+000	4.785530e+000
4.999591099998863e-005	4.786379e+000	0.000000e+000	2.546125e+000	4.785530e+000
4.999593499998870e-005	4.786378e+000	0.000000e+000	2.546119e+000	4.785530e+000
4.999622314284664e-005	4.786378e+000	0.000000e+000	2.546055e+000	4.785529e+000
4.999651128570459e-005	4.786377e+000	0.000000e+000	2.545990e+000	4.785528e+000
4.999679942856253e-005	4.786376e+000	0.000000e+000	2.545925e+000	4.785527e+000
4.999708757142048e-005	4.786376e+000	0.000000e+000	2.545861e+000	4.785526e+000
4.999737571427842e-005	4.786375e+000	0.000000e+000	2.545796e+000	4.785526e+000
4.999766385713637e-005	4.786374e+000	0.000000e+000	2.545731e+000	4.785525e+000
4.999795199999431e-005	4.786373e+000	0.000000e+000	2.545667e+000	4.785524e+000
4.999795799999433e-005	4.786373e+000	0.000000e+000	2.545665e+000	4.785524e+000
4.999897599999716e-005	4.786370e+000	0.000000e+000	2.545437e+000	4.785521e+000
4.999898799999719e-005	4.786370e+000	0.000000e+000	2.545434e+000	4.785521e+000
4.999906057142596e-005	4.786370e+000	0.000000e+000	2.545418e+000	4.785520e+000
4.999913314285473e-005	4.786370e+000	0.000000e+000	2.545402e+000	4.785520e+000
4.999920571428351e-005	4.786369e+000	0.000000e+000	2.545385e+000	4.785520e+000
4.999927828571228e-005	4.786369e+000	0.000000e+000	2.545369e+000	4.785520e+000
4.999935085714106e-005	4.786369e+000	0.000000e+000	2.545353e+000	4.785520e+000
4.999942342856983e-005	4.786369e+000	0.000000e+000	2.545337e+000	4.785519e+000
4.999949599999860e-005	4.786368e+000	0.000000e+000	2.545320e+000	4.785519e+000
4.999990399999974e-005	4.786367e+000	0.000000e+000	2.545229e+000	4.785518e+000
4.999993699999983e-005	4.786367e+000	0.000000e+000	2.545221e+000	4.785518e+000
4.999994299999984e-005	4.786367e+000	0.000000e+000	2.545220e+000	4.785518e+000
4.999996799999991e-005	4.786367e+000	0.000000e+000	2.545214e+000	4.785518e+000
4.999997399999993e-005	4.786367e+000	0.000000e+000	2.545213e+000	4.785518e+000
4.999998399999996e-005	4.786367e+000	0.000000e+000	2.545211e+000	4.785518e+000
4.999998799999997e-005	4.786367e+000	0.000000e+000	2.545210e+000	4.785518e+000
4.999999199999998e-005	4.786367e+000	0.000000e+000	2.545209e+000	4.785518e+000
4.999999499999999e-005	4.786367e+000	0.000000e+000	2.545208e+000	4.785518e+000
4.999999599999999e-005	4.786367e+000	0.000000e+000	2.545208e+000	4.785518e+000
4.999999900000000e-005	4.786367e+000	0.000000e+000	2.545207e+000	4.785518e+000
5.000000000000000e-005	4.786367e+000	0.000000e+000	2.545207e+000	4.785518e+000
5.000000010000000e-005	4.786367e+000	1.000000e-001	2.545207e+000	4.785518e+000
5.000000030000000e-005	4.786366e+000	3.000000e-001	2.545207e+000	4.785512e+000
5.000000070000000e-005	4.786365e+000	7.000000e-001	2.545207e+000	4.785476e+000
5.000000100000001e-005	4.786363e+000	1.000000e+000	2.545207e+000	4.785431e+000
5.000000108000000e-005	4.786362e+000	1.000000e+000	2.545207e+000	4.785417e+000
5.000000124000000e-005	4.786360e+000	1.000000e+000	2.545207e+000	4.785388e+000
5.000000156000000e-005	4.786357e+000	1.000000e+000	2.545207e+000	4.785332e+000
5.000000220000000e-005	4.786351e+000	1.000000e+000	2.545207e+000	4.785219e+000
5.000000348000001e-005	4.786339e+000	1.000000e+000	2.545206e+000	4.784992e+000
5.000002140000006e-005	4.786171e+000	1.000000e+000	2.545202e+000	4.781825e+000
5.000076745714499e-005	4.779178e+000	1.000000e+000	2.545035e+000	4.654526e+000
5.000151351428993e-005	4.772208e+000	1.000000e+000	2.544867e+000	4.533392e+000
5.000225957143486e-005	4.765259e+000	1.000000e+000	2.544700e+000	4.418423e+000
5.000300562857979e-005	4.758333e+000	1.000000e+000	2.544532e+000	4.309620e+000
5.000375168572471e-005	4.751428e+000	1.000000e+000	2.544365e+000	4.206982e+000
5.000449774286965e-005	4.744545e+000	1.000000e+000	2.544197e+000	4.110509e+000
5.000524380001458e-005	4.737684e+000	1.000000e+000	2.544030e+000	4.020201e+000
5.001048668002916e-005	4.690011e+000	1.000000e+000	2.542853e+000	3.480399e+000
5.001848897770772e-005	4.618975e+000	1.000000e+000	2.541056e+000	2.908863e+000
5.002757313626534e-005	4.541277e+000	1.000000e+000	2.539016e+000	2.518188e+000
5.003704926099603e-005	4.465099e+000	1.000000e+000	2.536887e+000	2.324000e+000
5.004823512434390e-005	4.383562e+000	1.000000e+000	2.534373e+000	2.276682e+000
5.006193929856937e-005	4.295217e+000	1.000000e+000	2.531292e+000	2.350415e+000
5.007575365147528e-005	4.216236e+000	1.000000e+000	2.528185e+000	2.461311e+000
5.009155372260051e-005	4.133445e+000	1.000000e+000	2.524629e+000	2.545600e+000
5.011131500307717e-005	4.034697e+000	1.000000e+000	2.520180e+000	2.567015e+000
5.013438106124773e-005	3.923781e+000	1.000000e+000	2.514983e+000	2.537208e+000
5.015976641890577e-005	3.809132e+000	1.000000e+000	2.509260e+000	2.507255e+000
5.019198873590712e-005	3.677536e+000	1.000000e+000	2.501988e+000	2.498430e+000
5.023781560073674e-005	3.512585e+000	1.000000e+000	2.491633e+000	2.496171e+000
5.029042429196284e-005	3.353028e+000	1.000000e+000	2.479726e+000	2.484685e+000
5.039329144147783e-005	3.102773e+000	1.000000e+000	2.456390e+000	2.459596e+000
5.049460826107962e-005	2.920485e+000	1.000000e+000	2.433330e+000	2.437135e+000
5.068793130198724e-005	2.689453e+000	1.000000e+000	2.389129e+000	2.392668e+000
5.092230630198724e-005	2.509748e+000	1.000000e+000	2.335253e+000	2.338903e+000
5.115668130198724e-005	2.396484e+000	1.000000e+000	2.281044e+000	2.284691e+000
5.139105630198723e-005	2.316304e+000	1.000000e+000	2.226494e+000	2.230191e+000
5.162543130198723e-005	2.250433e+000	1.000000e+000	2.171612e+000	2.175325e+000
5.185980630198723e-005	2.190643e+000	1.000000e+000	2.116405e+000	2.120139e+000
5.209418130198722e-005	2.133341e+000	1.000000e+000	2.060881e+000	2.064648e+000
5.232855630198722e-005	2.076950e+000	1.000000e+000	2.005050e+000	2.008823e+000
5.303168130198721e-005	1.908151e+000	1.000000e+000	1.835793e+000	1.839645e+000
5.390221701627292e-005	1.695323e+000	1.000000e+000	1.621708e+000	1.625623e+000
5.477275273055862e-005	1.480130e+000	1.000000e+000	1.405409e+000	1.409379e+000
5.564328844484433e-005	1.262573e+000	1.000000e+000	1.186896e+000	1.190915e+000
5.651382415913003e-005	1.042652e+000	1.000000e+000	9.661686e-001	9.702289e-001
5.738435987341573e-005	8.203672e-001	1.000000e+000	7.432273e-001	7.473216e-001
5.825489558770144e-005	5.957178e-001	1.000000e+000	5.180720e-001	5.221929e-001
5.912543130198714e-005	3.687042e-001	1.000000e+000	2.907027e-001	2.948429e-001
6.053168130198712e-005	2.414746e-003	1.000000e+000	-7.579947e-002	-7.164922e-002
6.103391344484428e-005	-1.287321e-001	1.000000e+000	-2.069202e-001	-2.027717e-001
6.153614558770143e-005	-2.595670e-001	1.000000e+000	-3.376754e-001	-3.335316e-001
6.203837773055857e-005	-3.900898e-001	1.000000e+000	-4.680652e-001	-4.639289e-001
6.254060987341572e-005	-5.203005e-001	1.000000e+000	-5.980896e-001	-5.939635e-001
6.304284201627287e-005	-6.501992e-001	1.000000e+000	-7.277485e-001	-7.236356e-001
6.354507415913003e-005	-7.797859e-001	1.000000e+000	-8.570420e-001	-8.529450e-001
6.404730630198717e-005	-9.090605e-001	1.000000e+000	-9.859701e-001	-9.818919e-001
6.525266344484433e-005	-1.218952e+000	1.000000e+000	-1.294798e+000	-1.290777e+000
6.645802058770150e-005	-1.521134e+000	1.000000e+000	-1.595634e+000	-1.591685e+000
6.766337773055866e-005	-1.815607e+000	1.000000e+000	-1.888478e+000	-1.884617e+000
6.886873487341583e-005	-2.102371e+000	1.000000e+000	-2.173330e+000	-2.169571e+000
7.007409201627299e-005	-2.381427e+000	1.000000e+000	-2.450190e+000	-2.446548e+000
7.127944915913016e-005	-2.652773e+000	1.000000e+000	-2.719058e+000	-2.715549e+000
7.248480630198731e-005	-2.916410e+000	1.000000e+000	-2.979934e+000	-2.976572e+000
7.500000100000000e-005	-3.422552e+000	1.000000e+000	-3.479564e+000	-3.476549e+000
7.500000110000001e-005	-3.422552e+000	9.000000e-001	-3.479564e+000	-3.476549e+000
7.500000130000000e-005	-3.422552e+000	7.000000e-001	-3.479564e+000	-3.476549e+000
7.500000170000000e-005	-3.422552e+000	3.000000e-001	-3.479564e+000	-3.476549e+000
7.500000200000000e-005	-3.422552e+000	3.995803e-009	-3.479564e+000	-3.476548e+000
7.500000208000000e-005	-3.422552e+000	1.331934e-009	-3.479564e+000	-3.476547e+000
7.500000224000000e-005	-3.422552e+000	0.000000e+000	-3.479564e+000	-3.476547e+000
7.500000255999999e-005	-3.422552e+000	0.000000e+000	-3.479564e+000	-3.476546e+000
7.500000319999999e-005	-3.422552e+000	0.000000e+000	-3.479565e+000	-3.476544e+000
7.500000447999998e-005	-3.422552e+000	0.000000e+000	-3.479565e+000	-3.476539e+000
7.500000703999998e-005	-3.422552e+000	0.000000e+000	-3.479565e+000	-3.476531e+000
7.500001215999996e-005	-3.422552e+000	0.000000e+000	-3.479566e+000	-3.476513e+000
7.500002239999991e-005	-3.422552e+000	0.000000e+000	-3.479568e+000	-3.476479e+000
7.500004287999982e-005	-3.422552e+000	0.000000e+000	-3.479572e+000	-3.476409e+000
7.500008383999966e-005	-3.422552e+000	0.000000e+000	-3.479580e+000	-3.476271e+000
7.500016575999933e-005	-3.422552e+000	0.000000e+000	-3.479595e+000	-3.475996e+000
7.500032959999868e-005	-3.422552e+000	0.000000e+000	-3.479626e+000	-3.475450e+000
7.500065727999738e-005	-3.422552e+000	0.000000e+000	-3.479687e+000	-3.474380e+000
7.500131263999475e-005	-3.422553e+000	0.000000e+000	-3.479810e+000	-3.472319e+000
7.500262335998952e-005	-3.422553e+000	0.000000e+000	-3.480055e+000	-3.468493e+000
7.500524479997904e-005	-3.422553e+000	0.000000e+000	-3.480546e+000	-3.461865e+000
7.501048767995809e-005	-3.422553e+000	0.000000e+000	-3.481527e+000	-3.451750e+000
7.502097343991620e-005	-3.422554e+000	0.000000e+000	-3.483489e+000	-3.439332e+000
7.504194495983240e-005	-3.422558e+000	0.000000e+000	-3.487408e+000	-3.428622e+000
7.508388799966481e-005	-3.422570e+000	0.000000e+000	-3.495233e+000	-3.423312e+000
7.514759924401249e-005	-3.422598e+000	0.000000e+000	-3.507089e+000	-3.422652e+000
7.521209043464137e-005	-3.422634e+000	0.000000e+000	-3.519052e+000	-3.422782e+000
7.529525981037751e-005	-3.422684e+000	0.000000e+000	-3.534418e+000	-3.422820e+000
7.539235427646056e-005	-3.422745e+000	0.000000e+000	-3.552266e+000	-3.422894e+000
7.553911510497496e-005	-3.422843e+000	0.000000e+000	-3.579043e+000	-3.422997e+000
7.577349010497496e-005	-3.423007e+000	0.000000e+000	-3.621397e+000	-3.423176e+000
7.600786510497497e-005	-3.423181e+000	0.000000e+000	-3.663261e+000	-3.423363e+000
7.624224010497497e-005	-3.423366e+000	0.000000e+000	-3.704577e+000	-3.423561e+000
7.647661510497498e-005	-3.423561e+000	0.000000e+000	-3.745340e+000	-3.423769e+000
7.671099010497498e-005	-3.423767e+000	0.000000e+000	-3.785543e+000	-3.423987e+000
7.694536510497498e-005	-3.423982e+000	0.000000e+000	-3.825181e+000	-3.424215e+000
7.717974010497499e-005	-3.424208e+000	0.000000e+000	-3.864247e+000	-3.424452e+000
7.741411510497499e-005	-3.424443e+000	0.000000e+000	-3.902736e+000	-3.424699e+000
7.764849010497500e-005	-3.424687e+000	0.000000e+000	-3.940642e+000	-3.424954e+000
7.788286510497500e-005	-3.424941e+000	0.000000e+000	-3.977959e+000	-3.425219e+000
7.835161510497501e-005	-3.425475e+000	0.000000e+000	-4.050805e+000	-3.425775e+000
7.905474010497502e-005	-3.426341e+000	0.000000e+000	-4.155522e+000	-3.426672e+000
8.069536510497505e-005	-3.428788e+000	0.000000e+000	-4.380420e+000	-3.429183e+000
8.233599010497508e-005	-3.431433e+000	0.000000e+000	-4.570546e+000	-3.431883e+000
8.397661510497510e-005	-3.434276e+000	0.000000e+000	-4.725900e+000	-3.434771e+000
8.561724010497513e-005	-3.437319e+000	0.000000e+000	-4.846482e+000	-3.437848e+000
8.725786510497516e-005	-3.440560e+000	0.000000e+000	-4.932293e+000	-3.441113e+000
8.889849010497519e-005	-3.444000e+000	0.000000e+000	-4.983331e+000	-3.444567e+000
9.053911510497522e-005	-3.447639e+000	0.000000e+000	-4.999599e+000	-3.448209e+000
9.189067008997876e-005	-3.450590e+000	0.000000e+000	-4.982925e+000	-3.451155e+000
9.324222507498231e-005	-3.453416e+000	0.000000e+000	-4.942378e+000	-3.453969e+000
9.459378005998584e-005	-3.456117e+000	0.000000e+000	-4.877957e+000	-3.456651e+000
9.594533504498938e-005	-3.458693e+000	0.000000e+000	-4.789662e+000	-3.459200e+000
9.729689002999293e-005	-3.461143e+000	0.000000e+000	-4.677493e+000	-3.461617e+000
9.864844501499646e-005	-3.463468e+000	0.000000e+000	-4.541450e+000	-3.463902e+000
1.000000000000000e-004	-3.465668e+000	0.000000e+000	-4.381534e+000	-3.466055e+000
1.000000001000000e-004	-3.465668e+000	1.000000e-001	-4.381534e+000	-3.466055e+000
1.000000003000000e-004	-3.465668e+000	3.000000e-001	-4.381533e+000	-3.466058e+000
1.000000007000000e-004	-3.465669e+000	7.000000e-001	-4.381533e+000	-3.466077e+000
1.000000010000000e-004	-3.465670e+000	1.000000e+000	-4.381533e+000	-3.466100e+000
1.000000010800000e-004	-3.465671e+000	1.000000e+000	-4.381533e+000	-3.466108e+000
1.000000012400000e-004	-3.465672e+000	1.000000e+000	-4.381533e+000	-3.466123e+000
1.000000015600000e-004	-3.465673e+000	1.000000e+000	-4.381533e+000	-3.466152e+000
1.000000022000000e-004	-3.465676e+000	1.000000e+000	-4.381533e+000	-3.466212e+000
1.000000034800000e-004	-3.465683e+000	1.000000e+000	-4.381533e+000	-3.466331e+000
1.000000111600000e-004	-3.465720e+000	1.000000e+000	-4.381532e+000	-3.467043e+000
1.000000418799998e-004	-3.465872e+000	1.000000e+000	-4.381528e+000	-3.469889e+000
1.000004105199984e-004	-3.467686e+000	1.000000e+000	-4.381482e+000	-3.503461e+000
1.000007791599969e-004	-3.469497e+000	1.000000e+000	-4.381436e+000	-3.536150e+000
1.000011477999954e-004	-3.471306e+000	1.000000e+000	-4.381389e+000	-3.567955e+000
1.000015164399939e-004	-3.473111e+000	1.000000e+000	-4.381343e+000	-3.598877e+000
1.000018850799925e-004	-3.474913e+000	1.000000e+000	-4.381297e+000	-3.628915e+000
1.000022537199910e-004	-3.476713e+000	1.000000e+000	-4.381250e+000	-3.658070e+000
1.000026223599895e-004	-3.478509e+000	1.000000e+000	-4.381204e+000	-3.686342e+000
1.000052437999790e-004	-3.491187e+000	1.000000e+000	-4.380875e+000	-3.867202e+000
1.000104866799581e-004	-3.515894e+000	1.000000e+000	-4.380216e+000	-4.139786e+000
1.000209724399162e-004	-3.562212e+000	1.000000e+000	-4.378896e+000	-4.468827e+000
1.000342558988675e-004	-3.613044e+000	1.000000e+000	-4.377223e+000	-4.619787e+000
1.000506440133944e-004	-3.662534e+000	1.000000e+000	-4.375155e+000	-4.570694e+000
1.000680155042545e-004	-3.702635e+000	1.000000e+000	-4.372961e+000	-4.437541e+000
1.000872650881645e-004	-3.739937e+000	1.000000e+000	-4.370524e+000	-4.342738e+000
1.001110454939238e-004	-3.784352e+000	1.000000e+000	-4.367509e+000	-4.330012e+000
1.001393756198034e-004	-3.836247e+000	1.000000e+000	-4.363907e+000	-4.360086e+000
1.001741062595448e-004	-3.893908e+000	1.000000e+000	-4.359478e+000	-4.370704e+000
1.002213155799007e-004	-3.960329e+000	1.000000e+000	-4.353433e+000	-4.355916e+000
1.002770471491277e-004	-4.024117e+000	1.000000e+000	-4.346260e+000	-4.345976e+000
1.003674198808072e-004	-4.102850e+000	1.000000e+000	-4.334546e+000	-4.337246e+000
1.004856169323794e-004	-4.170769e+000	1.000000e+000	-4.319062e+000	-4.321038e+000
1.006893011952357e-004	-4.231896e+000	1.000000e+000	-4.291993e+000	-4.294108e+000
1.009236761952357e-004	-4.255400e+000	1.000000e+000	-4.260306e+000	-4.262426e+000
1.011580511952357e-004	-4.249084e+000	1.000000e+000	-4.228004e+000	-4.230186e+000
1.013924261952357e-004	-4.227996e+000	1.000000e+000	-4.195069e+000	-4.197292e+000
1.016268011952357e-004	-4.200070e+000	1.000000e+000	-4.161508e+000	-4.163755e+000
1.018611761952357e-004	-4.168809e+000	1.000000e+000	-4.127326e+000	-4.129644e+000
1.020955511952357e-004	-4.135728e+000	1.000000e+000	-4.092526e+000	-4.094850e+000
1.023299261952357e-004	-4.101514e+000	1.000000e+000	-4.057116e+000	-4.059521e+000
1.030330511952358e-004	-3.994278e+000	1.000000e+000	-3.947268e+000	-3.949761e+000
1.045397476238072e-004	-3.741326e+000	1.000000e+000	-3.689484e+000	-3.692238e+000
1.060464440523787e-004	-3.469810e+000	1.000000e+000	-3.413521e+000	-3.416515e+000
1.075531404809501e-004	-3.179733e+000	1.000000e+000	-3.119380e+000	-3.122593e+000
1.090598369095216e-004	-2.871093e+000	1.000000e+000	-2.807061e+000	-2.810470e+000
1.105665333380930e-004	-2.543891e+000	1.000000e+000	-2.476564e+000	-2.480147e+000
1.120732297666645e-004	-2.198126e+000	1.000000e+000	-2.127889e+000	-2.131625e+000
1.135799261952359e-004	-1.833799e+000	1.000000e+000	-1.761036e+000	-1.764902e+000
1.144169797666645e-004	-1.628093e+000	1.000000e+000	-1.554143e+000	-1.558071e+000
1.152540333380931e-004	-1.420286e+000	1.000000e+000	-1.345294e+000	-1.349278e+000
1.160910869095217e-004	-1.210378e+000	1.000000e+000	-1.134490e+000	-1.138521e+000
1.169281404809503e-004	-9.983706e-001	1.000000e+000	-9.217315e-001	-9.258010e-001
1.177651940523789e-004	-7.842626e-001	1.000000e+000	-7.070172e-001	-7.111183e-001
1.186022476238075e-004	-5.680544e-001	1.000000e+000	-4.903478e-001	-4.944727e-001
1.194393011952360e-004	-3.497459e-001	1.000000e+000	-2.717230e-001	-2.758641e-001
1.198076047666646e-004	-2.538133e-001	1.000000e+000	-1.756998e-001	-1.798454e-001
1.201759083380932e-004	-1.578756e-001	1.000000e+000	-7.970031e-002	-8.384890e-002
1.205442119095218e-004	-6.193275e-002	1.000000e+000	1.627552e-002	1.212547e-002
1.209125154809504e-004	3.401527e-002	1.000000e+000	1.122276e-001	1.080777e-001
1.212808190523789e-004	1.299684e-001	1.000000e+000	2.081561e-001	2.040077e-001
1.216491226238075e-004	2.259267e-001	1.000000e+000	3.040608e-001	2.999156e-001
1.220174261952361e-004	3.218902e-001	1.000000e+000	3.999419e-001	3.958013e-001
1.224435083102024e-004	4.327858e-001	1.000000e+000	5.107056e-001	5.065723e-001
1.228695904251686e-004	5.433355e-001	1.000000e+000	6.210854e-001	6.169615e-001
1.232956725401349e-004	6.535393e-001	1.000000e+000	7.310814e-001	7.269688e-001
1.237217546551012e-004	7.633973e-001	1.000000e+000	8.406936e-001	8.365943e-001
1.241478367700675e-004	8.729093e-001	1.000000e+000	9.499219e-001	9.458380e-001
1.245739188850337e-004	9.820754e-001	1.000000e+000	1.058766e+000	1.054700e+000
1.250000010000000e-004	1.090896e+000	1.000000e+000	1.167227e+000	1.163180e+000
1.250000011000000e-004	1.090896e+000	9.000000e-001	1.167227e+000	1.163180e+000
1.250000013000000e-004	1.090896e+000	7.000000e-001	1.167227e+000	1.163180e+000
1.250000017000000e-004	1.090896e+000	3.000000e-001	1.167227e+000	1.163179e+000
1.250000020000000e-004	1.090896e+000	1.077207e-008	1.167227e+000	1.163178e+000
1.250000020800000e-004	1.090896e+000	3.590689e-009	1.167227e+000	1.163177e+000
1.250000022400000e-004	1.090896e+000	0.000000e+000	1.167227e+000	1.163177e+000
1.250000025600000e-004	1.090896e+000	0.000000e+000	1.167228e+000	1.163175e+000
1.250000032000000e-004	1.090896e+000	0.000000e+000	1.167228e+000	1.163172e+000
1.250000044800000e-004	1.090896e+000	0.000000e+000	1.167228e+000	1.163167e+000
1.250000070400000e-004	1.090896e+000	0.000000e+000	1.167229e+000	1.163155e+000
1.250000121600000e-004	1.090896e+000	0.000000e+000	1.167230e+000	1.163132e+000
1.250000223999999e-004	1.090896e+000	0.000000e+000	1.167233e+000	1.163085e+000
1.250000428799998e-004	1.090896e+000	0.000000e+000	1.167238e+000	1.162992e+000
1.250000838399996e-004	1.090896e+000	0.000000e+000	1.167248e+000	1.162807e+000
1.250001657599993e-004	1.090896e+000	0.000000e+000	1.167269e+000	1.162439e+000
1.250003295999987e-004	1.090896e+000	0.000000e+000	1.167310e+000	1.161709e+000
1.250006572799974e-004	1.090896e+000	0.000000e+000	1.167393e+000	1.160277e+000
1.250052447999790e-004	1.090896e+000	0.000000e+000	1.168557e+000	1.143532e+000
1.250104876799581e-004	1.090897e+000	0.000000e+000	1.169886e+000	1.129998e+000
1.250209734399162e-004	1.090898e+000	0.000000e+000	1.172544e+000	1.113382e+000
1.250419449598324e-004	1.090902e+000	0.000000e+000	1.177859e+000	1.098205e+000
1.250685633344319e-004	1.090911e+000	0.000000e+000	1.184603e+000	1.092270e+000
1.251053506291783e-004	1.090927e+000	0.000000e+000	1.193919e+000	1.091118e+000
1.251414160815923e-004	1.090947e+000	0.000000e+000	1.203049e+000	1.091088e+000
1.251930057371660e-004	1.090979e+000	0.000000e+000	1.216101e+000	1.091145e+000
1.252452700647589e-004	1.091013e+000	0.000000e+000	1.229315e+000	1.091185e+000
1.253040759560984e-004	1.091051e+000	0.000000e+000	1.244169e+000	1.091228e+000
1.254216877387775e-004	1.091133e+000	0.000000e+000	1.273830e+000	1.091320e+000
1.256560627387775e-004	1.091307e+000	0.000000e+000	1.332805e+000	1.091513e+000
1.258904377387774e-004	1.091494e+000	0.000000e+000	1.391604e+000	1.091718e+000
1.261248127387774e-004	1.091697e+000	0.000000e+000	1.450195e+000	1.091938e+000
1.263591877387774e-004	1.091913e+000	0.000000e+000	1.508570e+000	1.092173e+000
1.265935627387774e-004	1.092145e+000	0.000000e+000	1.566719e+000	1.092422e+000
1.268279377387774e-004	1.092390e+000	0.000000e+000	1.624634e+000	1.092685e+000
1.270623127387774e-004	1.092650e+000	0.000000e+000	1.682307e+000	1.092961e+000
1.272966877387774e-004	1.092924e+000	0.000000e+000	1.739728e+000	1.093252e+000
1.275310627387774e-004	1.093212e+000	0.000000e+000	1.796889e+000	1.093557e+000
1.279998127387774e-004	1.093828e+000	0.000000e+000	1.910398e+000	1.094206e+000
1.292386520244916e-004	1.095757e+000	0.000000e+000	2.207506e+000	1.096221e+000
1.304774913102058e-004	1.098012e+000	0.000000e+000	2.492578e+000	1.098559e+000
1.317163305959201e-004	1.100594e+000	0.000000e+000	2.765615e+000	1.101218e+000
1.329551698816343e-004	1.103501e+000	0.000000e+000	3.026616e+000	1.104200e+000
1.341940091673485e-004	1.106734e+000	0.000000e+000	3.275580e+000	1.107504e+000
1.354328484530628e-004	1.110294e+000	0.000000e+000	3.512509e+000	1.111131e+000
1.366716877387770e-004	1.114179e+000	0.000000e+000	3.737402e+000	1.115079e+000
1.385757323475231e-004	1.120809e+000	0.000000e+000	4.053190e+000	1.121798e+000
1.404797769562693e-004	1.127773e+000	0.000000e+000	4.323721e+000	1.128837e+000
1.423838215650155e-004	1.135071e+000	0.000000e+000	4.548996e+000	1.136198e+000
1.442878661737616e-004	1.142703e+000	0.000000e+000	4.729014e+000	1.143880e+000
1.461919107825077e-004	1.150670e+000	0.000000e+000	4.863777e+000	1.151883e+000
1.480959553912539e-004	1.158970e+000	0.000000e+000	4.953283e+000	1.160207e+000
1.500000000000000e-004	1.167606e+000	0.000000e+000	4.997533e+000	1.168852e+000
1.500000001000000e-004	1.167606e+000	1.000000e-001	4.997533e+000	1.168852e+000
1.500000003000000e-004	1.167606e+000	3.000000e-001	4.997533e+000	1.168862e+000
1.500000007000000e-004	1.167609e+000	7.000000e-001	4.997533e+000	1.168919e+000
1.500000010000000e-004	1.167613e+000	1.000000e+000	4.997533e+000	1.168989e+000
1.500000010800000e-004	1.167614e+000	1.000000e+000	4.997533e+000	1.169011e+000
1.500000022000000e-004	1.167630e+000	1.000000e+000	4.997533e+000	1.169322e+000
1.500007509999970e-004	1.178638e+000	1.000000e+000	4.997539e+000	1.369978e+000
1.500014997999940e-004	1.189611e+000	1.000000e+000	4.997545e+000	1.560879e+000
1.500022485999910e-004	1.200549e+000	1.000000e+000	4.997551e+000	1.742025e+000
1.500029973999880e-004	1.211452e+000	1.000000e+000	4.997557e+000	1.913417e+000
1.500037461999850e-004	1.222321e+000	1.000000e+000	4.997563e+000	2.075054e+000
1.500044949999821e-004	1.233155e+000	1.000000e+000	4.997570e+000	2.226937e+000
1.500052437999791e-004	1.243954e+000	1.000000e+000	4.997576e+000	2.369065e+000
1.500104866799581e-004	1.318778e+000	1.000000e+000	4.997618e+000	3.221092e+000
1.500179320319402e-004	1.422812e+000	1.000000e+000	4.997677e+000	4.076687e+000
1.500262207066017e-004	1.535263e+000	1.000000e+000	4.997743e+000	4.671753e+000
1.500361395608989e-004	1.664246e+000	1.000000e+000	4.997819e+000	5.055582e+000
1.500478104401219e-004	1.806031e+000	1.000000e+000	4.997909e+000	5.230096e+000
1.500633419812580e-004	1.976926e+000	1.000000e+000	4.998024e+000	5.217252e+000
1.500816211008407e-004	2.156867e+000	1.000000e+000	4.998155e+000	5.085679e+000
1.501011277120686e-004	2.331394e+000	1.000000e+000	4.998290e+000	4.978808e+000
1.501246250994384e-004	2.527073e+000	1.000000e+000	4.998446e+000	4.956734e+000
1.501560383137071e-004	2.770697e+000	1.000000e+000	4.998641e+000	4.992274e+000
1.501895128134231e-004	3.004094e+000	1.000000e+000	4.998835e+000	5.008874e+000
1.502386733714896e-004	3.300853e+000	1.000000e+000	4.999091e+000	4.999976e+000
1.502961577075339e-004	3.588740e+000	1.000000e+000	4.999344e+000	4.997007e+000
1.503889739242215e-004	3.949492e+000	1.000000e+000	4.999651e+000	5.000404e+000
1.505125564494608e-004	4.283216e+000	1.000000e+000	4.999854e+000	4.999811e+000
1.507287292428353e-004	4.635596e+000	1.000000e+000	4.999724e+000	4.999801e+000
1.509567144715879e-004	4.833519e+000	1.000000e+000	4.998965e+000	4.999008e+000
1.511910894715879e-004	4.925559e+000	1.000000e+000	4.997458e+000	4.997555e+000
1.514254644715879e-004	4.965330e+000	1.000000e+000	4.995208e+000	4.995347e+000
1.516598394715879e-004	4.981276e+000	1.000000e+000	4.992213e+000	4.992381e+000
1.518942144715879e-004	4.986375e+000	1.000000e+000	4.988472e+000	4.988721e+000
1.521285894715879e-004	4.986293e+000	1.000000e+000	4.983985e+000	4.984244e+000
1.523629644715879e-004	4.983531e+000	1.000000e+000	4.978755e+000	4.979108e+000
1.525973394715879e-004	4.979170e+000	1.000000e+000	4.972780e+000	4.973139e+000
1.528317144715879e-004	4.973696e+000	1.000000e+000	4.966062e+000	4.966514e+000
1.530660894715878e-004	4.967313e+000	1.000000e+000	4.958603e+000	4.959067e+000
1.535348394715878e-004	4.952151e+000	1.000000e+000	4.941462e+000	4.942035e+000
1.539031430430164e-004	4.938088e+000	1.000000e+000	4.925904e+000	4.926561e+000
1.542714466144449e-004	4.922219e+000	1.000000e+000	4.908547e+000	4.909286e+000
1.546397501858735e-004	4.904542e+000	1.000000e+000	4.889391e+000	4.890210e+000
1.550080537573020e-004	4.885059e+000	1.000000e+000	4.868435e+000	4.869333e+000
1.553763573287306e-004	4.863769e+000	1.000000e+000	4.845680e+000	4.846656e+000
1.557446609001592e-004	4.840673e+000	1.000000e+000	4.821126e+000	4.822178e+000
1.561129644715877e-004	4.815769e+000	1.000000e+000	4.794773e+000	4.795898e+000
1.563473394715877e-004	4.799009e+000	1.000000e+000	4.777094e+000	4.778274e+000
1.577535894715877e-004	4.681104e+000	1.000000e+000	4.653679e+000	4.655150e+000
1.591598394715876e-004	4.540292e+000	1.000000e+000	4.507572e+000	4.509322e+000
1.605660894715875e-004	4.376571e+000	1.000000e+000	4.338772e+000	4.340791e+000
1.619723394715875e-004	4.189941e+000	1.000000e+000	4.147279e+000	4.149555e+000
1.633785894715874e-004	3.980404e+000	1.000000e+000	3.933093e+000	3.935615e+000
1.647848394715874e-004	3.747959e+000	1.000000e+000	3.696214e+000	3.698970e+000
1.661910894715873e-004	3.492605e+000	1.000000e+000	3.436642e+000	3.439622e+000
1.674495054042177e-004	3.247551e+000	1.000000e+000	3.188095e+000	3.191260e+000
1.687079213368481e-004	2.991418e+000	1.000000e+000	2.928757e+000	2.932091e+000
1.699663372694785e-004	2.724208e+000	1.000000e+000	2.658628e+000	2.662116e+000
1.712247532021089e-004	2.445921e+000	1.000000e+000	2.377708e+000	2.381335e+000
1.724831691347393e-004	2.156556e+000	1.000000e+000	2.085997e+000	2.089747e+000
1.737415850673697e-004	1.856113e+000	1.000000e+000	1.783495e+000	1.787353e+000
1.750000010000000e-004	1.544593e+000	1.000000e+000	1.470201e+000	1.474153e+000
1.750000011000000e-004	1.544593e+000	9.000000e-001	1.470201e+000	1.474153e+000
1.750000013000000e-004	1.544593e+000	7.000000e-001	1.470201e+000	1.474154e+000
1.750000017000000e-004	1.544593e+000	3.000000e-001	1.470201e+000	1.474154e+000
1.750000020000000e-004	1.544593e+000	0.000000e+000	1.470201e+000	1.474155e+000
1.750000020800000e-004	1.544593e+000	0.000000e+000	1.470201e+000	1.474156e+000
1.750000022400000e-004	1.544593e+000	0.000000e+000	1.470201e+000	1.474156e+000
1.750000025600000e-004	1.544593e+000	0.000000e+000	1.470201e+000	1.474158e+000
1.750000032000000e-004	1.544593e+000	0.000000e+000	1.470201e+000	1.474161e+000
1.750000044800000e-004	1.544593e+000	0.000000e+000	1.470201e+000	1.474167e+000
1.750000070400000e-004	1.544593e+000	0.000000e+000	1.470200e+000	1.474178e+000
1.750000121600000e-004	1.544593e+000	0.000000e+000	1.470199e+000	1.474200e+000
1.750000223999999e-004	1.544593e+000	0.000000e+000	1.470196e+000	1.474246e+000
1.750000428799998e-004	1.544593e+000	0.000000e+000	1.470191e+000	1.474336e+000
1.750000838399997e-004	1.544593e+000	0.000000e+000	1.470181e+000	1.474516e+000
1.750001657599993e-004	1.544593e+000	0.000000e+000	1.470160e+000	1.474875e+000
1.750003295999987e-004	1.544593e+000	0.000000e+000	1.470119e+000	1.475586e+000
1.750006572799974e-004	1.544593e+000	0.000000e+000	1.470038e+000	1.476981e+000
1.750013126399948e-004	1.544593e+000	0.000000e+000	1.469875e+000	1.479667e+000
1.750052447999791e-004	1.544592e+000	0.000000e+000	1.468894e+000	1.493292e+000
1.750104876799581e-004	1.544592e+000	0.000000e+000	1.467588e+000	1.506477e+000
1.750209734399162e-004	1.544591e+000	0.000000e+000	1.464973e+000	1.522663e+000
1.750419449598324e-004	1.544586e+000	0.000000e+000	1.459744e+000	1.537199e+000
1.750724535576020e-004	1.544577e+000	0.000000e+000	1.452133e+000	1.543491e+000
1.751031559972884e-004	1.544563e+000	0.000000e+000	1.444470e+000	1.544401e+000
1.751382369435173e-004	1.544544e+000	0.000000e+000	1.435710e+000	1.544371e+000
1.751739265671159e-004	1.544522e+000	0.000000e+000	1.426794e+000	1.544334e+000
1.752105511966150e-004	1.544499e+000	0.000000e+000	1.417638e+000	1.544305e+000
1.752503910084804e-004	1.544474e+000	0.000000e+000	1.407671e+000	1.544276e+000
1.753300706322112e-004	1.544420e+000	0.000000e+000	1.387714e+000	1.544216e+000
1.754894298796728e-004	1.544308e+000	0.000000e+000	1.347724e+000	1.544091e+000
1.757238048796728e-004	1.544132e+000	0.000000e+000	1.288759e+000	1.543895e+000
1.759581798796728e-004	1.543941e+000	0.000000e+000	1.229617e+000	1.543686e+000
1.761925548796728e-004	1.543735e+000	0.000000e+000	1.170292e+000	1.543462e+000
1.764269298796728e-004	1.543514e+000	0.000000e+000	1.110793e+000	1.543223e+000
1.766613048796727e-004	1.543279e+000	0.000000e+000	1.051127e+000	1.542970e+000
1.768956798796727e-004	1.543029e+000	0.000000e+000	9.913042e-001	1.542702e+000
1.771300548796727e-004	1.542764e+000	0.000000e+000	9.313333e-001	1.542420e+000
1.773644298796727e-004	1.542484e+000	0.000000e+000	8.712233e-001	1.542123e+000
1.778331798796727e-004	1.541882e+000	0.000000e+000	7.506218e-001	1.541485e+000
1.785363048796727e-004	1.540869e+000	0.000000e+000	5.689012e-001	1.540419e+000
1.788711263082441e-004	1.540341e+000	0.000000e+000	4.820173e-001	1.539866e+000
1.792059477368155e-004	1.539783e+000	0.000000e+000	3.950528e-001	1.539283e+000
1.795407691653869e-004	1.539195e+000	0.000000e+000	3.080077e-001	1.538670e+000
1.798755905939583e-004	1.538578e+000	0.000000e+000	2.208820e-001	1.538028e+000
1.802104120225297e-004	1.537932e+000	0.000000e+000	1.336757e-001	1.537356e+000
1.805452334511012e-004	1.537255e+000	0.000000e+000	4.638881e-002	1.536655e+000
1.808800548796726e-004	1.536550e+000	0.000000e+000	-4.097869e-002	1.535924e+000
1.815162155939583e-004	1.535127e+000	0.000000e+000	-2.072475e-001	1.534454e+000
1.821523763082439e-004	1.533599e+000	0.000000e+000	-3.728349e-001	1.532878e+000
1.827885370225296e-004	1.531966e+000	0.000000e+000	-5.377408e-001	1.531199e+000
1.834246977368153e-004	1.530229e+000	0.000000e+000	-7.019653e-001	1.529415e+000
1.840608584511010e-004	1.528387e+000	0.000000e+000	-8.655083e-001	1.527526e+000
1.846970191653867e-004	1.526440e+000	0.000000e+000	-1.028370e+000	1.525533e+000
1.853331798796724e-004	1.524388e+000	0.000000e+000	-1.190550e+000	1.523436e+000
1.866389834511009e-004	1.519827e+000	0.000000e+000	-1.521764e+000	1.518781e+000
1.879447870225294e-004	1.514878e+000	0.000000e+000	-1.842354e+000	1.513742e+000
1.892505905939580e-004	1.509542e+000	0.000000e+000	-2.152320e+000	1.508318e+000
1.905563941653865e-004	1.503817e+000	0.000000e+000	-2.451663e+000	1.502510e+000
1.918621977368150e-004	1.497705e+000	0.000000e+000	-2.740381e+000	1.496317e+000
1.931680013082435e-004	1.491206e+000	0.000000e+000	-3.018476e+000	1.489740e+000
1.944738048796720e-004	1.484318e+000	0.000000e+000	-3.285946e+000	1.482778e+000
1.952632613254332e-004	1.480004e+000	0.000000e+000	-3.438820e+000	1.478421e+000
1.960527177711943e-004	1.475588e+000	0.000000e+000	-3.585292e+000	1.473965e+000
1.968421742169555e-004	1.471069e+000	0.000000e+000	-3.725364e+000	1.469407e+000
1.976316306627166e-004	1.466448e+000	0.000000e+000	-3.859034e+000	1.464749e+000
1.984210871084777e-004	1.461725e+000	0.000000e+000	-3.986304e+000	1.459991e+000
1.992105435542389e-004	1.456899e+000	0.000000e+000	-4.107172e+000	1.455132e+000
2.000000000000000e-004	1.451970e+000	0.000000e+000	-4.221640e+000	1.450172e+000
2.000000001000000e-004	1.451970e+000	1.000000e-001	-4.221640e+000	1.450172e+000
2.000000003000000e-004	1.451970e+000	3.000000e-001	-4.221640e+000	1.450159e+000
2.000000007000000e-004	1.451965e+000	7.000000e-001	-4.221640e+000	1.450078e+000
2.000000010000000e-004	1.451960e+000	1.000000e+000	-4.221640e+000	1.449978e+000
2.000000010800000e-004	1.451958e+000	1.000000e+000	-4.221640e+000	1.449947e+000
2.000000012400000e-004	1.451955e+000	1.000000e+000	-4.221640e+000	1.449884e+000
2.000000015600000e-004	1.451948e+000	1.000000e+000	-4.221640e+000	1.449758e+000
2.000000022000000e-004	1.451935e+000	1.000000e+000	-4.221640e+000	1.449506e+000
2.000000060400000e-004	1.451855e+000	1.000000e+000	-4.221641e+000	1.447996e+000
2.000003797999985e-004	1.444059e+000	1.000000e+000	-4.221693e+000	1.303384e+000
2.000007535599970e-004	1.436275e+000	1.000000e+000	-4.221745e+000	1.162611e+000
2.000011273199955e-004	1.428503e+000	1.000000e+000	-4.221797e+000	1.025678e+000
2.000015010799940e-004	1.420743e+000	1.000000e+000	-4.221849e+000	8.925835e-001
2.000018748399925e-004	1.412995e+000	1.000000e+000	-4.221901e+000	7.633285e-001
2.000022485999910e-004	1.405260e+000	1.000000e+000	-4.221953e+000	6.379128e-001
2.000026223599895e-004	1.397536e+000	1.000000e+000	-4.222006e+000	5.163364e-001
2.000052437999791e-004	1.343656e+000	1.000000e+000	-4.222372e+000	-2.621604e-001
2.000094124290407e-004	1.258891e+000	1.000000e+000	-4.222954e+000	-1.286054e+000
2.000139487078746e-004	1.168035e+000	1.000000e+000	-4.223588e+000	-2.141799e+000
2.000202319575526e-004	1.044566e+000	1.000000e+000	-4.224464e+000	-2.990409e+000
2.000270630146282e-004	9.134674e-001	1.000000e+000	-4.225416e+000	-3.608884e+000
2.000358857596160e-004	7.491829e-001	1.000000e+000	-4.226646e+000	-4.093108e+000
2.000456429290127e-004	5.752810e-001	1.000000e+000	-4.228004e+000	-4.368680e+000
2.000586259899639e-004	3.586275e-001	1.000000e+000	-4.229811e+000	-4.474195e+000
2.000742743253013e-004	1.189384e-001	1.000000e+000	-4.231985e+000	-4.412879e+000
2.000924453592490e-004	-1.356632e-001	1.000000e+000	-4.234506e+000	-4.278988e+000
2.001111592154413e-004	-3.784407e-001	1.000000e+000	-4.237098e+000	-4.201998e+000
2.001365887295451e-004	-6.874059e-001	1.000000e+000	-4.240614e+000	-4.204183e+000
2.001633090907167e-004	-9.881458e-001	1.000000e+000	-4.244301e+000	-4.238613e+000
2.002000777800390e-004	-1.359299e+000	1.000000e+000	-4.249359e+000	-4.256112e+000
2.002488445853381e-004	-1.787515e+000	1.000000e+000	-4.256043e+000	-4.254002e+000
2.003065486102066e-004	-2.206717e+000	1.000000e+000	-4.263912e+000	-4.259937e+000
2.004054072178923e-004	-2.763829e+000	1.000000e+000	-4.277299e+000	-4.275972e+000
2.005302204845297e-004	-3.261110e+000	1.000000e+000	-4.294029e+000	-4.291816e+000
2.007186650906255e-004	-3.738927e+000	1.000000e+000	-4.318960e+000	-4.316999e+000
2.009033752839103e-004	-4.013249e+000	1.000000e+000	-4.342999e+000	-4.340960e+000
2.011377502839103e-004	-4.200671e+000	1.000000e+000	-4.372918e+000	-4.370902e+000
2.013721252839103e-004	-4.305683e+000	1.000000e+000	-4.402219e+000	-4.400215e+000
2.016065002839103e-004	-4.367966e+000	1.000000e+000	-4.430861e+000	-4.428895e+000
2.018408752839102e-004	-4.411166e+000	1.000000e+000	-4.458842e+000	-4.456933e+000
2.020752502839102e-004	-4.445623e+000	1.000000e+000	-4.486157e+000	-4.484266e+000
2.023096252839102e-004	-4.475883e+000	1.000000e+000	-4.512801e+000	-4.510987e+000
2.025440002839102e-004	-4.503920e+000	1.000000e+000	-4.538772e+000	-4.536969e+000
2.027783752839102e-004	-4.530607e+000	1.000000e+000	-4.564064e+000	-4.562341e+000
2.032471252839102e-004	-4.581218e+000	1.000000e+000	-4.612599e+000	-4.610965e+000
2.042850717124816e-004	-4.683283e+000	1.000000e+000	-4.710675e+000	-4.709245e+000
2.053230181410530e-004	-4.771102e+000	1.000000e+000	-4.794463e+000	-4.793241e+000
2.063609645696243e-004	-4.844674e+000	1.000000e+000	-4.863961e+000	-4.862952e+000
2.073989109981957e-004	-4.904001e+000	1.000000e+000	-4.919171e+000	-4.918378e+000
2.084368574267671e-004	-4.949081e+000	1.000000e+000	-4.960093e+000	-4.959519e+000
2.094748038553385e-004	-4.979914e+000	1.000000e+000	-4.986726e+000	-4.986376e+000
2.105127502839099e-004	-4.996502e+000	1.000000e+000	-4.999070e+000	-4.998949e+000
2.108140895696242e-004	-4.998467e+000	1.000000e+000	-4.999806e+000	-4.999750e+000
2.111154288553385e-004	-4.999199e+000	1.000000e+000	-4.999309e+000	-4.999317e+000
2.114167681410527e-004	-4.998696e+000	1.000000e+000	-4.997577e+000	-4.997651e+000
2.117181074267670e-004	-4.996960e+000	1.000000e+000	-4.994613e+000	-4.994752e+000
2.120194467124813e-004	-4.993989e+000	1.000000e+000	-4.990414e+000	-4.990619e+000
2.123207859981955e-004	-4.989785e+000	1.000000e+000	-4.984983e+000	-4.985252e+000
2.126221252839098e-004	-4.984347e+000	1.000000e+000	-4.978317e+000	-4.978652e+000
2.135931074267669e-004	-4.958092e+000	1.000000e+000	-4.948098e+000	-4.948643e+000
2.145640895696240e-004	-4.919468e+000	1.000000e+000	-4.905560e+000	-4.906313e+000
2.155350717124811e-004	-4.868474e+000	1.000000e+000	-4.850704e+000	-4.851661e+000
2.165060538553382e-004	-4.805112e+000	1.000000e+000	-4.783528e+000	-4.784688e+000
2.174770359981953e-004	-4.729381e+000	1.000000e+000	-4.704034e+000	-4.705394e+000
2.184480181410524e-004	-4.641280e+000	1.000000e+000	-4.612222e+000	-4.613778e+000
2.194190002839095e-004	-4.540811e+000	1.000000e+000	-4.508090e+000	-4.509840e+000
2.202162861004939e-004	-4.449463e+000	1.000000e+000	-4.413807e+000	-4.415712e+000
2.210135719170783e-004	-4.350902e+000	1.000000e+000	-4.312383e+000	-4.314440e+000
2.218108577336626e-004	-4.245127e+000	1.000000e+000	-4.203818e+000	-4.206023e+000
2.226081435502470e-004	-4.132138e+000	1.000000e+000	-4.088113e+000	-4.090462e+000
2.234054293668313e-004	-4.011935e+000	1.000000e+000	-3.965268e+000	-3.967756e+000
2.242027151834157e-004	-3.884519e+000	1.000000e+000	-3.835282e+000	-3.837906e+000
2.250000010000000e-004	-3.749888e+000	1.000000e+000	-3.698155e+000	-3.700912e+000
2.250000011000000e-004	-3.749888e+000	9.000000e-001	-3.698155e+000	-3.700912e+000
2.250000013000000e-004	-3.749888e+000	7.000000e-001	-3.698155e+000	-3.700912e+000
2.250000017000000e-004	-3.749888e+000	3.000000e-001	-3.698155e+000	-3.700912e+000
2.250000020000000e-004	-3.749888e+000	0.000000e+000	-3.698155e+000	-3.700913e+000
2.250000020800000e-004	-3.749888e+000	0.000000e+000	-3.698155e+000	-3.700913e+000
2.250000022400000e-004	-3.749888e+000	0.000000e+000	-3.698155e+000	-3.700914e+000
2.250000025600000e-004	-3.749888e+000	0.000000e+000	-3.698155e+000	-3.700915e+000
2.250000032000000e-004	-3.749888e+000	0.000000e+000	-3.698155e+000	-3.700917e+000
2.250000044800000e-004	-3.749888e+000	0.000000e+000	-3.698155e+000	-3.700921e+000
2.250000070400000e-004	-3.749888e+000	0.000000e+000	-3.698154e+000	-3.700928e+000
2.250000121600000e-004	-3.749888e+000	0.000000e+000	-3.698153e+000	-3.700944e+000
2.250000223999999e-004	-3.749888e+000	0.000000e+000	-3.698152e+000	-3.700976e+000
2.250000428799998e-004	-3.749888e+000	0.000000e+000	-3.698148e+000	-3.701038e+000
2.250000838399997e-004	-3.749888e+000	0.000000e+000	-3.698141e+000	-3.701164e+000
2.250001657599993e-004	-3.749888e+000	0.000000e+000	-3.698126e+000	-3.701413e+000
2.250003295999987e-004	-3.749887e+000	0.000000e+000	-3.698098e+000	-3.701907e+000
2.250006572799974e-004	-3.749887e+000	0.000000e+000	-3.698040e+000	-3.702877e+000
2.250013126399948e-004	-3.749887e+000	0.000000e+000	-3.697925e+000	-3.704743e+000
2.250026233599895e-004	-3.749887e+000	0.000000e+000	-3.697695e+000	-3.708209e+000
2.250104876799581e-004	-3.749887e+000	0.000000e+000	-3.696314e+000	-3.723373e+000
2.250209734399162e-004	-3.749886e+000	0.000000e+000	-3.694472e+000	-3.734621e+000
2.250419449598324e-004	-3.749883e+000	0.000000e+000	-3.690784e+000	-3.744322e+000
2.250838879996648e-004	-3.749871e+000	0.000000e+000	-3.683392e+000	-3.749105e+000
2.251524425073083e-004	-3.749843e+000	0.000000e+000	-3.671276e+000	-3.749710e+000
2.252180754684337e-004	-3.749807e+000	0.000000e+000	-3.659633e+000	-3.749590e+000
2.253077718636701e-004	-3.749753e+000	0.000000e+000	-3.643650e+000	-3.749547e+000
2.254036525378690e-004	-3.749694e+000	0.000000e+000	-3.626476e+000	-3.749476e+000
2.255267094640292e-004	-3.749614e+000	0.000000e+000	-3.604270e+000	-3.749391e+000
2.257610844640291e-004	-3.749452e+000	0.000000e+000	-3.561583e+000	-3.749214e+000
2.259954594640291e-004	-3.749280e+000	0.000000e+000	-3.518428e+000	-3.749029e+000
2.262298344640291e-004	-3.749098e+000	0.000000e+000	-3.474747e+000	-3.748833e+000
2.264642094640291e-004	-3.748904e+000	0.000000e+000	-3.430547e+000	-3.748625e+000
2.266985844640291e-004	-3.748698e+000	0.000000e+000	-3.385835e+000	-3.748406e+000
2.269329594640291e-004	-3.748482e+000	0.000000e+000	-3.340617e+000	-3.748176e+000
2.271673344640291e-004	-3.748254e+000	0.000000e+000	-3.294900e+000	-3.747934e+000
2.274017094640291e-004	-3.748015e+000	0.000000e+000	-3.248691e+000	-3.747682e+000
2.278704594640291e-004	-3.747502e+000	0.000000e+000	-3.154823e+000	-3.747141e+000
2.283392094640290e-004	-3.746945e+000	0.000000e+000	-3.058921e+000	-3.746556e+000
2.288079594640290e-004	-3.746340e+000	0.000000e+000	-2.961339e+000	-3.745922e+000
2.292767094640290e-004	-3.745686e+000	0.000000e+000	-2.862078e+000	-3.745240e+000
2.297454594640290e-004	-3.744984e+000	0.000000e+000	-2.761138e+000	-3.744508e+000
2.302142094640290e-004	-3.744234e+000	0.000000e+000	-2.658519e+000	-3.743728e+000
2.306829594640289e-004	-3.743435e+000	0.000000e+000	-2.554221e+000	-3.742900e+000
2.311517094640289e-004	-3.742588e+000	0.000000e+000	-2.448243e+000	-3.742023e+000
2.320557273211717e-004	-3.740817e+000	0.000000e+000	-2.238856e+000	-3.740191e+000
2.329597451783146e-004	-3.738845e+000	0.000000e+000	-2.025703e+000	-3.738158e+000
2.338637630354574e-004	-3.736673e+000	0.000000e+000	-1.808783e+000	-3.735924e+000
2.347677808926002e-004	-3.734300e+000	0.000000e+000	-1.588098e+000	-3.733489e+000
2.356717987497430e-004	-3.731728e+000	0.000000e+000	-1.363645e+000	-3.730853e+000
2.365758166068858e-004	-3.728955e+000	0.000000e+000	-1.135427e+000	-3.728015e+000
2.374798344640287e-004	-3.725982e+000	0.000000e+000	-9.034421e-001	-3.724977e+000
2.377811737497429e-004	-3.724943e+000	0.000000e+000	-8.260071e-001	-3.723916e+000
2.380825130354572e-004	-3.723880e+000	0.000000e+000	-7.484161e-001	-3.722831e+000
2.383838523211715e-004	-3.722794e+000	0.000000e+000	-6.706691e-001	-3.721723e+000
2.386851916068858e-004	-3.721684e+000	0.000000e+000	-5.927662e-001	-3.720592e+000
2.389865308926000e-004	-3.720552e+000	0.000000e+000	-5.147073e-001	-3.719437e+000
2.392878701783143e-004	-3.719395e+000	0.000000e+000	-4.364925e-001	-3.718259e+000
2.395892094640286e-004	-3.718216e+000	0.000000e+000	-3.581216e-001	-3.717057e+000
2.398235844640286e-004	-3.717283e+000	0.000000e+000	-2.971444e-001	-3.716107e+000
2.400000000000000e-004	-3.716574e+000	0.000000e+000	-2.512216e-001	-3.715385e+000
