time	V(logic)	V(signal_in)	V(signal_out)	V(vc)
0.000000000000000e+000	0.000000e+000	0.000000e+000	0.000000e+000	0.000000e+000
1.000000000000000e-012	1.000000e+000	2.607522e-007	1.163863e-016	6.174523e-017
5.908038155521300e-010	1.000000e+000	1.540534e-004	-3.243043e-007	-1.830384e-007
1.180607631104260e-009	1.000000e+000	3.078460e-004	4.025663e-008	1.322739e-008
1.770411446656390e-009	1.000000e+000	4.616386e-004	1.093683e-006	5.887972e-007
2.360215262208520e-009	1.000000e+000	6.154313e-004	2.835974e-006	1.543671e-006
2.950019077760650e-009	1.000000e+000	7.692239e-004	5.267130e-006	2.877849e-006
3.539822893312780e-009	1.000000e+000	9.230166e-004	8.387152e-006	4.591331e-006
4.129626708864909e-009	1.000000e+000	1.076809e-003	1.219604e-005	6.684118e-006
5.205291390059213e-009	1.000000e+000	1.357291e-003	2.398741e-005	1.325476e-005
6.584261447475338e-009	1.000000e+000	1.716861e-003	4.742117e-005	2.647703e-005
8.369801362543304e-009	1.000000e+000	2.182444e-003	9.444095e-005	5.343260e-005
1.071657752469588e-008	1.000000e+000	2.794371e-003	1.889254e-004	1.086611e-004
1.360487514005918e-008	1.000000e+000	3.547501e-003	3.655477e-004	2.145258e-004
1.759348600609007e-008	1.000000e+000	4.587539e-003	7.312496e-004	4.409228e-004
2.304480628151180e-008	1.000000e+000	6.008982e-003	1.472971e-003	9.214794e-004
3.164208808116790e-008	1.000000e+000	8.250739e-003	3.109055e-003	2.040120e-003
4.153620534929064e-008	1.000000e+000	1.083065e-002	5.528881e-003	3.806914e-003
5.430642111005084e-008	1.000000e+000	1.416050e-002	9.155647e-003	6.655429e-003
6.799251779352729e-008	1.000000e+000	1.772916e-002	1.320734e-002	1.010313e-002
8.539664309225724e-008	1.000000e+000	2.226728e-002	1.816835e-002	1.467500e-002
1.077134349655130e-007	1.000000e+000	2.808635e-002	2.410849e-002	2.048452e-002
1.434290444181433e-007	1.000000e+000	3.739905e-002	3.328644e-002	2.966600e-002
1.848723336340511e-007	1.000000e+000	4.820502e-002	4.401950e-002	4.038253e-002
2.530643099136908e-007	1.000000e+000	6.598482e-002	6.183267e-002	5.815915e-002
9.340958057569693e-007	1.000000e+000	2.440184e-001	2.398700e-001	2.362028e-001
1.615127301600248e-006	1.000000e+000	4.211890e-001	4.170494e-001	4.133930e-001
2.296158797443526e-006	1.000000e+000	5.974967e-001	5.933708e-001	5.897295e-001
2.977190293286805e-006	1.000000e+000	7.729415e-001	7.688342e-001	7.652125e-001
3.658221789130083e-006	1.000000e+000	9.475234e-001	9.434397e-001	9.398420e-001
4.339253284973362e-006	1.000000e+000	1.121242e+000	1.117187e+000	1.113618e+000
5.020284780816639e-006	1.000000e+000	1.294098e+000	1.290077e+000	1.286540e+000
6.359570495102356e-006	1.000000e+000	1.631750e+000	1.627812e+000	1.624354e+000
7.698856209388072e-006	1.000000e+000	1.957642e+000	1.953804e+000	1.950441e+000
9.038141923673789e-006	1.000000e+000	2.271774e+000	2.268055e+000	2.264802e+000
1.037742763795951e-005	1.000000e+000	2.574146e+000	2.570563e+000	2.567435e+000
1.171671335224522e-005	1.000000e+000	2.864757e+000	2.861328e+000	2.858342e+000
1.305599906653094e-005	1.000000e+000	3.143609e+000	3.140352e+000	3.137522e+000
1.439528478081665e-005	1.000000e+000	3.410701e+000	3.407633e+000	3.404975e+000
1.583501692367380e-005	1.000000e+000	3.678260e+000	3.675413e+000	3.672957e+000
1.727474906653095e-005	1.000000e+000	3.922054e+000	3.919442e+000	3.917197e+000
1.871448120938810e-005	1.000000e+000	4.142084e+000	4.139719e+000	4.137696e+000
2.015421335224524e-005	1.000000e+000	4.338350e+000	4.336244e+000	4.334455e+000
2.159394549510239e-005	1.000000e+000	4.510852e+000	4.509018e+000	4.507472e+000
2.303367763795953e-005	1.000000e+000	4.659589e+000	4.658040e+000	4.656748e+000
2.447340978081668e-005	1.000000e+000	4.784562e+000	4.783310e+000	4.782283e+000
2.500000100000000e-005	1.000000e+000	4.822787e+000	4.821644e+000	4.820714e+000
2.500000110000000e-005	9.000000e-001	4.822787e+000	4.821644e+000	4.820714e+000
2.500000130000000e-005	7.000000e-001	4.822787e+000	4.821644e+000	4.820714e+000
2.500000170000000e-005	3.000000e-001	4.822787e+000	4.821644e+000	4.820714e+000
2.500000200000000e-005	0.000000e+000	4.822787e+000	4.821644e+000	4.820714e+000
2.500000208000000e-005	0.000000e+000	4.822787e+000	4.821644e+000	4.820714e+000
2.500000224000000e-005	0.000000e+000	4.822787e+000	4.821644e+000	4.820714e+000
2.500000256000000e-005	0.000000e+000	4.822787e+000	4.821644e+000	4.820714e+000
2.500000320000000e-005	0.000000e+000	4.822787e+000	4.821644e+000	4.820714e+000
2.500000448000000e-005	0.000000e+000	4.822787e+000	4.821644e+000	4.820714e+000
2.500000704000000e-005	0.000000e+000	4.822788e+000	4.821643e+000	4.820714e+000
2.500001215999999e-005	0.000000e+000	4.822788e+000	4.821643e+000	4.820714e+000
2.500002239999999e-005	0.000000e+000	4.822789e+000	4.821642e+000	4.820714e+000
2.500004287999997e-005	0.000000e+000	4.822790e+000	4.821641e+000	4.820714e+000
2.500008383999995e-005	0.000000e+000	4.822793e+000	4.821639e+000	4.820714e+000
2.500016575999990e-005	0.000000e+000	4.822799e+000	4.821634e+000	4.820714e+000
2.500032959999980e-005	0.000000e+000	4.822810e+000	4.821624e+000	4.820714e+000
2.500065727999960e-005	0.000000e+000	4.822832e+000	4.821605e+000	4.820714e+000
2.500131263999920e-005	0.000000e+000	4.822877e+000	4.821568e+000	4.820714e+000
2.500262335999841e-005	0.000000e+000	4.822968e+000	4.821498e+000	4.820714e+000
2.501048767999363e-005	0.000000e+000	4.823508e+000	4.821196e+000	4.820715e+000
2.504194495997451e-005	0.000000e+000	4.825659e+000	4.820780e+000	4.820718e+000
2.508388799994903e-005	0.000000e+000	4.828501e+000	4.820699e+000	4.820730e+000
2.516777407989805e-005	0.000000e+000	4.834100e+000	4.820769e+000	4.820806e+000
2.533554623979610e-005	0.000000e+000	4.845006e+000	4.821166e+000	4.821178e+000
2.556992123979610e-005	0.000000e+000	4.859687e+000	4.822089e+000	4.822073e+000
2.579958896380661e-005	0.000000e+000	4.873416e+000	4.823244e+000	4.823217e+000
2.603396396380661e-005	0.000000e+000	4.886703e+000	4.824527e+000	4.824497e+000
2.626833896380662e-005	0.000000e+000	4.899263e+000	4.825849e+000	4.825817e+000
2.650271396380662e-005	0.000000e+000	4.911091e+000	4.827207e+000	4.827172e+000
2.673708896380662e-005	0.000000e+000	4.922185e+000	4.828595e+000	4.828559e+000
2.697146396380662e-005	0.000000e+000	4.932545e+000	4.830012e+000	4.829975e+000
2.720583896380662e-005	0.000000e+000	4.942167e+000	4.831454e+000	4.831415e+000
2.744021396380662e-005	0.000000e+000	4.951050e+000	4.832919e+000	4.832879e+000
2.767458896380662e-005	0.000000e+000	4.959195e+000	4.834404e+000	4.834363e+000
2.790896396380662e-005	0.000000e+000	4.966598e+000	4.835906e+000	4.835864e+000
2.814333896380662e-005	0.000000e+000	4.973259e+000	4.837424e+000	4.837381e+000
2.837771396380662e-005	0.000000e+000	4.979177e+000	4.838956e+000	4.838912e+000
2.884646396380662e-005	0.000000e+000	4.988782e+000	4.842051e+000	4.842006e+000
2.931521396380662e-005	0.000000e+000	4.995405e+000	4.845173e+000	4.845128e+000
2.978396396380662e-005	0.000000e+000	4.999043e+000	4.848307e+000	4.848261e+000
3.001833896380663e-005	0.000000e+000	4.999743e+000	4.849873e+000	4.849827e+000
3.025271396380663e-005	0.000000e+000	4.999694e+000	4.851435e+000	4.851390e+000
3.048708896380663e-005	0.000000e+000	4.998899e+000	4.852993e+000	4.852948e+000
3.072146396380662e-005	0.000000e+000	4.997358e+000	4.854542e+000	4.854498e+000
3.095583896380662e-005	0.000000e+000	4.995070e+000	4.856082e+000	4.856039e+000
3.119021396380662e-005	0.000000e+000	4.992035e+000	4.857611e+000	4.857568e+000
3.142458896380662e-005	0.000000e+000	4.988255e+000	4.859125e+000	4.859083e+000
3.165896396380661e-005	0.000000e+000	4.983729e+000	4.860624e+000	4.860583e+000
3.189333896380661e-005	0.000000e+000	4.978459e+000	4.862105e+000	4.862065e+000
3.212771396380661e-005	0.000000e+000	4.972445e+000	4.863565e+000	4.863527e+000
3.236208896380660e-005	0.000000e+000	4.965689e+000	4.865003e+000	4.864966e+000
3.259646396380660e-005	0.000000e+000	4.958190e+000	4.866416e+000	4.866380e+000
3.283083896380660e-005	0.000000e+000	4.949951e+000	4.867801e+000	4.867766e+000
3.306521396380660e-005	0.000000e+000	4.940973e+000	4.869154e+000	4.869123e+000
3.329958896380659e-005	0.000000e+000	4.931256e+000	4.870474e+000	4.870444e+000
3.353396396380659e-005	0.000000e+000	4.920802e+000	4.871757e+000	4.871729e+000
3.376833896380659e-005	0.000000e+000	4.909614e+000	4.872994e+000	4.872970e+000
3.400271396380658e-005	0.000000e+000	4.897691e+000	4.874181e+000	4.874159e+000
3.423708896380658e-005	0.000000e+000	4.885037e+000	4.875292e+000	4.875276e+000
3.447146396380658e-005	0.000000e+000	4.871654e+000	4.876251e+000	4.876246e+000
3.470583896380658e-005	0.000000e+000	4.857543e+000	4.876847e+000	4.876870e+000
3.494021396380657e-005	0.000000e+000	4.842706e+000	4.876796e+000	4.876864e+000
3.517458896380657e-005	0.000000e+000	4.827145e+000	4.876036e+000	4.876146e+000
3.540896396380657e-005	0.000000e+000	4.810863e+000	4.874844e+000	4.874970e+000
3.564333896380657e-005	0.000000e+000	4.793862e+000	4.873509e+000	4.873640e+000
3.587771396380656e-005	0.000000e+000	4.776146e+000	4.872124e+000	4.872257e+000
3.611208896380656e-005	0.000000e+000	4.757716e+000	4.870689e+000	4.870825e+000
3.634646396380656e-005	0.000000e+000	4.738575e+000	4.869204e+000	4.869343e+000
3.658083896380655e-005	0.000000e+000	4.718726e+000	4.867668e+000	4.867810e+000
3.681521396380655e-005	0.000000e+000	4.698173e+000	4.866080e+000	4.866226e+000
3.704958896380655e-005	0.000000e+000	4.676917e+000	4.864441e+000	4.864590e+000
3.728396396380655e-005	0.000000e+000	4.654963e+000	4.862748e+000	4.862900e+000
3.751833896380654e-005	0.000000e+000	4.632313e+000	4.861001e+000	4.861156e+000
3.775271396380654e-005	0.000000e+000	4.608971e+000	4.859199e+000	4.859357e+000
3.798708896380654e-005	0.000000e+000	4.584940e+000	4.857340e+000	4.857502e+000
3.845583896380653e-005	0.000000e+000	4.534829e+000	4.853448e+000	4.853617e+000
3.915896396380652e-005	0.000000e+000	4.454589e+000	4.847156e+000	4.847335e+000
3.986208896380652e-005	0.000000e+000	4.368361e+000	4.840289e+000	4.840480e+000
4.090003539237793e-005	0.000000e+000	4.229142e+000	4.829271e+000	4.829481e+000
4.193798182094935e-005	0.000000e+000	4.078733e+000	4.816577e+000	4.816807e+000
4.297592824952077e-005	0.000000e+000	3.917133e+000	4.802206e+000	4.802457e+000
4.401387467809218e-005	0.000000e+000	3.744344e+000	4.786158e+000	4.786432e+000
4.505182110666360e-005	0.000000e+000	3.560365e+000	4.768433e+000	4.768730e+000
4.608976753523501e-005	0.000000e+000	3.365196e+000	4.749031e+000	4.749354e+000
4.712771396380643e-005	0.000000e+000	3.158838e+000	4.727952e+000	4.728301e+000
4.750455839754837e-005	0.000000e+000	3.081978e+000	4.719735e+000	4.720093e+000
4.788140283129031e-005	0.000000e+000	3.004012e+000	4.711247e+000	4.711616e+000
4.825824726503225e-005	0.000000e+000	2.924942e+000	4.702491e+000	4.702869e+000
4.863509169877419e-005	0.000000e+000	2.844766e+000	4.693465e+000	4.693853e+000
4.901193613251613e-005	0.000000e+000	2.763485e+000	4.684169e+000	4.684567e+000
4.938878056625807e-005	0.000000e+000	2.681098e+000	4.674603e+000	4.675012e+000
4.976562500000001e-005	0.000000e+000	2.597606e+000	4.664768e+000	4.665188e+000
4.988519807238722e-005	0.000000e+000	2.570927e+000	4.661587e+000	4.662009e+000
4.988520007238723e-005	0.000000e+000	2.570927e+000	4.661587e+000	4.662009e+000
4.988522807238731e-005	0.000000e+000	2.570921e+000	4.661586e+000	4.662009e+000
4.989458592955618e-005	0.000000e+000	2.568827e+000	4.661335e+000	4.661758e+000
4.990394378672506e-005	0.000000e+000	2.566734e+000	4.661085e+000	4.661507e+000
4.991330164389393e-005	0.000000e+000	2.564639e+000	4.660834e+000	4.661257e+000
4.992265950106281e-005	0.000000e+000	2.562544e+000	4.660583e+000	4.661006e+000
4.993201735823169e-005	0.000000e+000	2.560449e+000	4.660332e+000	4.660755e+000
4.994137521540056e-005	0.000000e+000	2.558353e+000	4.660081e+000	4.660504e+000
4.995073307256944e-005	0.000000e+000	2.556256e+000	4.659829e+000	4.660254e+000
4.995073507256944e-005	0.000000e+000	2.556256e+000	4.659829e+000	4.660254e+000
4.995073907256946e-005	0.000000e+000	2.556255e+000	4.659829e+000	4.660253e+000
4.995076307256952e-005	0.000000e+000	2.556249e+000	4.659828e+000	4.660253e+000
4.995543978686824e-005	0.000000e+000	2.555201e+000	4.659702e+000	4.660127e+000
4.996011650116696e-005	0.000000e+000	2.554153e+000	4.659576e+000	4.660001e+000
4.996479321546567e-005	0.000000e+000	2.553104e+000	4.659451e+000	4.659875e+000
4.996946992976440e-005	0.000000e+000	2.552056e+000	4.659325e+000	4.659750e+000
4.997414664406311e-005	0.000000e+000	2.551007e+000	4.659199e+000	4.659624e+000
4.997882335836183e-005	0.000000e+000	2.549958e+000	4.659073e+000	4.659498e+000
4.998350007266055e-005	0.000000e+000	2.548909e+000	4.658947e+000	4.659372e+000
4.998350207266055e-005	0.000000e+000	2.548909e+000	4.658947e+000	4.659372e+000
4.998350607266056e-005	0.000000e+000	2.548908e+000	4.658947e+000	4.659372e+000
4.998353007266063e-005	0.000000e+000	2.548903e+000	4.658946e+000	4.659371e+000
4.999799034219614e-005	0.000000e+000	2.545658e+000	4.658556e+000	4.658982e+000
4.999813619933940e-005	0.000000e+000	2.545625e+000	4.658552e+000	4.658978e+000
4.999828205648266e-005	0.000000e+000	2.545593e+000	4.658548e+000	4.658974e+000
4.999842791362593e-005	0.000000e+000	2.545560e+000	4.658544e+000	4.658970e+000
4.999857377076919e-005	0.000000e+000	2.545527e+000	4.658540e+000	4.658966e+000
4.999871962791245e-005	0.000000e+000	2.545495e+000	4.658536e+000	4.658962e+000
4.999886548505571e-005	0.000000e+000	2.545462e+000	4.658532e+000	4.658958e+000
4.999901134219898e-005	0.000000e+000	2.545429e+000	4.658528e+000	4.658954e+000
4.999901734219899e-005	0.000000e+000	2.545428e+000	4.658528e+000	4.658954e+000
4.999904134219906e-005	0.000000e+000	2.545422e+000	4.658528e+000	4.658954e+000
4.999926534219968e-005	0.000000e+000	2.545372e+000	4.658522e+000	4.658947e+000
4.999952234220040e-005	0.000000e+000	2.545314e+000	4.658514e+000	4.658940e+000
4.999952434220040e-005	0.000000e+000	2.545314e+000	4.658514e+000	4.658940e+000
4.999952834220041e-005	0.000000e+000	2.545313e+000	4.658514e+000	4.658940e+000
4.999953634220044e-005	0.000000e+000	2.545311e+000	4.658514e+000	4.658940e+000
4.999958434220057e-005	0.000000e+000	2.545300e+000	4.658513e+000	4.658939e+000
4.999964834220075e-005	0.000000e+000	2.545286e+000	4.658511e+000	4.658937e+000
4.999977734220111e-005	0.000000e+000	2.545257e+000	4.658508e+000	4.658934e+000
4.999978334220112e-005	0.000000e+000	2.545256e+000	4.658508e+000	4.658934e+000
4.999983934220128e-005	0.000000e+000	2.545243e+000	4.658506e+000	4.658932e+000
4.999990334220146e-005	0.000000e+000	2.545229e+000	4.658504e+000	4.658930e+000
4.999990634220147e-005	0.000000e+000	2.545228e+000	4.658504e+000	4.658930e+000
4.999991034220148e-005	0.000000e+000	2.545227e+000	4.658504e+000	4.658930e+000
4.999991834220150e-005	0.000000e+000	2.545225e+000	4.658504e+000	4.658930e+000
4.999996734220164e-005	0.000000e+000	2.545214e+000	4.658503e+000	4.658928e+000
4.999997334220165e-005	0.000000e+000	2.545213e+000	4.658503e+000	4.658928e+000
4.999998399999996e-005	0.000000e+000	2.545211e+000	4.658502e+000	4.658928e+000
4.999999036880687e-005	0.000000e+000	2.545209e+000	4.658502e+000	4.658928e+000
4.999999247522755e-005	0.000000e+000	2.545209e+000	4.658502e+000	4.658928e+000
4.999999578715864e-005	0.000000e+000	2.545208e+000	4.658502e+000	4.658928e+000
4.999999800000000e-005	0.000000e+000	2.545208e+000	4.658502e+000	4.658928e+000
4.999999900000000e-005	0.000000e+000	2.545207e+000	4.658502e+000	4.658928e+000
5.000000000000000e-005	0.000000e+000	2.545207e+000	4.658502e+000	4.658927e+000
5.000000010000000e-005	1.000000e-001	2.545207e+000	4.658502e+000	4.658927e+000
5.000000030000000e-005	3.000000e-001	2.545207e+000	4.658496e+000	4.658925e+000
5.000000070000000e-005	7.000000e-001	2.545207e+000	4.658462e+000	4.658906e+000
5.000000100000001e-005	1.000000e+000	2.545207e+000	4.658419e+000	4.658884e+000
5.000000108000000e-005	1.000000e+000	2.545207e+000	4.658405e+000	4.658876e+000
5.000000124000000e-005	1.000000e+000	2.545207e+000	4.658378e+000	4.658862e+000
5.000000156000000e-005	1.000000e+000	2.545207e+000	4.658324e+000	4.658834e+000
5.000000348000001e-005	1.000000e+000	2.545206e+000	4.658000e+000	4.658661e+000
5.000000604000002e-005	1.000000e+000	2.545206e+000	4.657568e+000	4.658432e+000
5.000001116000003e-005	1.000000e+000	2.545205e+000	4.656704e+000	4.657974e+000
5.000008284000023e-005	1.000000e+000	2.545188e+000	4.644645e+000	4.651564e+000
5.000082012000228e-005	1.000000e+000	2.545023e+000	4.525084e+000	4.586835e+000
5.000155740000433e-005	1.000000e+000	2.544858e+000	4.411241e+000	4.523894e+000
5.000229468000638e-005	1.000000e+000	2.544692e+000	4.303116e+000	4.462741e+000
5.000303196000843e-005	1.000000e+000	2.544527e+000	4.200708e+000	4.403375e+000
5.000376924001048e-005	1.000000e+000	2.544361e+000	4.104019e+000	4.345797e+000
5.000450652001253e-005	1.000000e+000	2.544196e+000	4.013047e+000	4.290006e+000
5.000524380001458e-005	1.000000e+000	2.544030e+000	3.927793e+000	4.236003e+000
5.001048668002916e-005	1.000000e+000	2.542853e+000	3.412552e+000	3.886833e+000
5.001856030866019e-005	1.000000e+000	2.541040e+000	2.863430e+000	3.448387e+000
5.002774119566914e-005	1.000000e+000	2.538978e+000	2.490975e+000	3.072140e+000
5.003739611569383e-005	1.000000e+000	2.536809e+000	2.311192e+000	2.805618e+000
5.004883129291639e-005	1.000000e+000	2.534239e+000	2.278105e+000	2.631399e+000
5.006261979871899e-005	1.000000e+000	2.531139e+000	2.361304e+000	2.553904e+000
5.007668172577123e-005	1.000000e+000	2.527976e+000	2.473798e+000	2.551798e+000
5.009262079885219e-005	1.000000e+000	2.524389e+000	2.551579e+000	2.569972e+000
5.011339272468734e-005	1.000000e+000	2.519712e+000	2.565717e+000	2.570678e+000
5.013566898930595e-005	1.000000e+000	2.514693e+000	2.534922e+000	2.547460e+000
5.016273154525771e-005	1.000000e+000	2.508591e+000	2.505352e+000	2.519599e+000
5.019498508148875e-005	1.000000e+000	2.501311e+000	2.498642e+000	2.505696e+000
5.024003349623916e-005	1.000000e+000	2.491132e+000	2.496172e+000	2.498452e+000
5.029345321937233e-005	1.000000e+000	2.479041e+000	2.483763e+000	2.486819e+000
5.038659267716021e-005	1.000000e+000	2.457912e+000	2.461134e+000	2.464499e+000
5.049200316973390e-005	1.000000e+000	2.433924e+000	2.437805e+000	2.440828e+000
5.067798746390446e-005	1.000000e+000	2.391409e+000	2.394979e+000	2.398272e+000
5.091236246390446e-005	1.000000e+000	2.337546e+000	2.341215e+000	2.344464e+000
5.114673746390445e-005	1.000000e+000	2.283351e+000	2.287003e+000	2.290303e+000
5.138111246390445e-005	1.000000e+000	2.228815e+000	2.232518e+000	2.235813e+000
5.161548746390445e-005	1.000000e+000	2.173947e+000	2.177658e+000	2.180991e+000
5.184986246390444e-005	1.000000e+000	2.118753e+000	2.122490e+000	2.125829e+000
5.208423746390444e-005	1.000000e+000	2.063243e+000	2.067007e+000	2.070372e+000
5.231861246390444e-005	1.000000e+000	2.007425e+000	2.011199e+000	2.014579e+000
5.255298746390444e-005	1.000000e+000	1.951307e+000	1.955117e+000	1.958513e+000
5.345700532104728e-005	1.000000e+000	1.730932e+000	1.734812e+000	1.738271e+000
5.436102317819013e-005	1.000000e+000	1.507966e+000	1.511909e+000	1.515423e+000
5.526504103533298e-005	1.000000e+000	1.282409e+000	1.286407e+000	1.289967e+000
5.616905889247582e-005	1.000000e+000	1.054261e+000	1.058306e+000	1.061905e+000
5.707307674961867e-005	1.000000e+000	8.235230e-001	8.276061e-001	8.312354e-001
5.797709460676152e-005	1.000000e+000	5.901938e-001	5.943073e-001	5.979591e-001
5.888111246390436e-005	1.000000e+000	3.542739e-001	3.584096e-001	3.620758e-001
6.028736246390434e-005	1.000000e+000	-1.209807e-002	-7.948179e-003	-4.275667e-003
6.082307674961863e-005	1.000000e+000	-1.520296e-001	-1.478801e-001	-1.442105e-001
6.135879103533293e-005	1.000000e+000	-2.915711e-001	-2.874253e-001	-2.837614e-001
6.189450532104721e-005	1.000000e+000	-4.307225e-001	-4.265837e-001	-4.229284e-001
6.243021960676151e-005	1.000000e+000	-5.694840e-001	-5.653553e-001	-5.617114e-001
6.296593389247581e-005	1.000000e+000	-7.078554e-001	-7.037402e-001	-7.001105e-001
6.350164817819009e-005	1.000000e+000	-8.458368e-001	-8.417382e-001	-8.381256e-001
6.403736246390439e-005	1.000000e+000	-9.834281e-001	-9.793494e-001	-9.757568e-001
6.527620174961870e-005	1.000000e+000	-1.300964e+000	-1.296945e+000	-1.293410e+000
6.651504103533301e-005	1.000000e+000	-1.609955e+000	-1.606010e+000	-1.602547e+000
6.775388032104731e-005	1.000000e+000	-1.910399e+000	-1.906545e+000	-1.903167e+000
6.899271960676162e-005	1.000000e+000	-2.202298e+000	-2.198550e+000	-2.195272e+000
7.023155889247592e-005	1.000000e+000	-2.485651e+000	-2.482025e+000	-2.478859e+000
7.147039817819023e-005	1.000000e+000	-2.760457e+000	-2.756970e+000	-2.753931e+000
7.270923746390454e-005	1.000000e+000	-3.026718e+000	-3.023385e+000	-3.020487e+000
7.500000100000000e-005	1.000000e+000	-3.479564e+000	-3.476549e+000	-3.473940e+000
7.500000110000001e-005	9.000000e-001	-3.479564e+000	-3.476549e+000	-3.473940e+000
7.500000130000000e-005	7.000000e-001	-3.479564e+000	-3.476549e+000	-3.473940e+000
7.500000170000000e-005	3.000000e-001	-3.479564e+000	-3.476549e+000	-3.473940e+000
7.500000200000000e-005	3.995803e-009	-3.479564e+000	-3.476549e+000	-3.473940e+000
7.500000208000000e-005	1.331934e-009	-3.479564e+000	-3.476549e+000	-3.473940e+000
7.500000224000000e-005	0.000000e+000	-3.479564e+000	-3.476549e+000	-3.473940e+000
7.500000255999999e-005	0.000000e+000	-3.479564e+000	-3.476549e+000	-3.473940e+000
7.500000319999999e-005	0.000000e+000	-3.479565e+000	-3.476549e+000	-3.473940e+000
7.500000447999998e-005	0.000000e+000	-3.479565e+000	-3.476549e+000	-3.473940e+000
7.500000703999998e-005	0.000000e+000	-3.479565e+000	-3.476548e+000	-3.473940e+000
7.500001215999996e-005	0.000000e+000	-3.479566e+000	-3.476547e+000	-3.473940e+000
7.500002239999991e-005	0.000000e+000	-3.479568e+000	-3.476546e+000	-3.473940e+000
7.500004287999982e-005	0.000000e+000	-3.479572e+000	-3.476542e+000	-3.473940e+000
7.500008383999966e-005	0.000000e+000	-3.479580e+000	-3.476536e+000	-3.473940e+000
7.500016575999933e-005	0.000000e+000	-3.479595e+000	-3.476522e+000	-3.473940e+000
7.500032959999868e-005	0.000000e+000	-3.479626e+000	-3.476495e+000	-3.473940e+000
7.500065727999738e-005	0.000000e+000	-3.479687e+000	-3.476443e+000	-3.473940e+000
7.500131263999475e-005	0.000000e+000	-3.479810e+000	-3.476342e+000	-3.473941e+000
7.500524479997904e-005	0.000000e+000	-3.480546e+000	-3.475831e+000	-3.473941e+000
7.502097343991620e-005	0.000000e+000	-3.483489e+000	-3.474731e+000	-3.473943e+000
7.504194495983240e-005	0.000000e+000	-3.487408e+000	-3.474214e+000	-3.473949e+000
7.508388799966481e-005	0.000000e+000	-3.495231e+000	-3.473995e+000	-3.473982e+000
7.516777407932961e-005	0.000000e+000	-3.510823e+000	-3.474138e+000	-3.474146e+000
7.528810841706889e-005	0.000000e+000	-3.533083e+000	-3.474609e+000	-3.474584e+000
7.541020586606763e-005	0.000000e+000	-3.555536e+000	-3.475253e+000	-3.475209e+000
7.553882747427958e-005	0.000000e+000	-3.579021e+000	-3.476020e+000	-3.475969e+000
7.570744546569624e-005	0.000000e+000	-3.609564e+000	-3.477082e+000	-3.477027e+000
7.588540145902055e-005	0.000000e+000	-3.641487e+000	-3.478269e+000	-3.478209e+000
7.635415145902056e-005	0.000000e+000	-3.724110e+000	-3.481685e+000	-3.481612e+000
7.658852645902056e-005	0.000000e+000	-3.764606e+000	-3.483544e+000	-3.483465e+000
7.682290145902057e-005	0.000000e+000	-3.804541e+000	-3.485501e+000	-3.485416e+000
7.705727645902057e-005	0.000000e+000	-3.843906e+000	-3.487554e+000	-3.487463e+000
7.729165145902057e-005	0.000000e+000	-3.882698e+000	-3.489699e+000	-3.489603e+000
7.776040145902058e-005	0.000000e+000	-3.958534e+000	-3.494261e+000	-3.494154e+000
7.822915145902059e-005	0.000000e+000	-4.032005e+000	-3.499168e+000	-3.499051e+000
7.869790145902060e-005	0.000000e+000	-4.103067e+000	-3.504406e+000	-3.504280e+000
7.940102645902061e-005	0.000000e+000	-4.205050e+000	-3.512850e+000	-3.512710e+000
8.174477645902065e-005	0.000000e+000	-4.507908e+000	-3.549944e+000	-3.549765e+000
8.408852645902069e-005	0.000000e+000	-4.738121e+000	-3.588101e+000	-3.587895e+000
8.643227645902073e-005	0.000000e+000	-4.895690e+000	-3.627323e+000	-3.627100e+000
8.877602645902077e-005	0.000000e+000	-4.980616e+000	-3.667608e+000	-3.667379e+000
9.111977645902081e-005	0.000000e+000	-4.992898e+000	-3.708957e+000	-3.708733e+000
9.346352645902085e-005	0.000000e+000	-4.932535e+000	-3.751370e+000	-3.751161e+000
9.580727645902089e-005	0.000000e+000	-4.799529e+000	-3.794847e+000	-3.794663e+000
9.640623696487505e-005	0.000000e+000	-4.753267e+000	-3.804155e+000	-3.803980e+000
9.700519747072921e-005	0.000000e+000	-4.702522e+000	-3.813045e+000	-3.812878e+000
9.760415797658336e-005	0.000000e+000	-4.647292e+000	-3.821517e+000	-3.821360e+000
9.820311848243753e-005	0.000000e+000	-4.587578e+000	-3.829571e+000	-3.829424e+000
9.880207898829169e-005	0.000000e+000	-4.523381e+000	-3.837207e+000	-3.837070e+000
9.940103949414585e-005	0.000000e+000	-4.454699e+000	-3.844426e+000	-3.844299e+000
1.000000000000000e-004	0.000000e+000	-4.381534e+000	-3.851226e+000	-3.851111e+000
1.000000001000000e-004	1.000000e-001	-4.381534e+000	-3.851226e+000	-3.851111e+000
1.000000003000000e-004	3.000000e-001	-4.381533e+000	-3.851228e+000	-3.851112e+000
1.000000007000000e-004	7.000000e-001	-4.381533e+000	-3.851242e+000	-3.851120e+000
1.000000010000000e-004	1.000000e+000	-4.381533e+000	-3.851259e+000	-3.851129e+000
1.000000010800000e-004	1.000000e+000	-4.381533e+000	-3.851264e+000	-3.851132e+000
1.000000012400000e-004	1.000000e+000	-4.381533e+000	-3.851275e+000	-3.851137e+000
1.000000015600000e-004	1.000000e+000	-4.381533e+000	-3.851297e+000	-3.851149e+000
1.000000022000000e-004	1.000000e+000	-4.381533e+000	-3.851340e+000	-3.851172e+000
1.000000034800000e-004	1.000000e+000	-4.381533e+000	-3.851427e+000	-3.851218e+000
1.000000060400000e-004	1.000000e+000	-4.381533e+000	-3.851601e+000	-3.851310e+000
1.000000111600000e-004	1.000000e+000	-4.381532e+000	-3.851948e+000	-3.851495e+000
1.000003841885699e-004	1.000000e+000	-4.381485e+000	-3.876827e+000	-3.864805e+000
1.000007572171398e-004	1.000000e+000	-4.381438e+000	-3.901043e+000	-3.877918e+000
1.000011302457098e-004	1.000000e+000	-4.381392e+000	-3.924596e+000	-3.890832e+000
1.000015032742797e-004	1.000000e+000	-4.381345e+000	-3.947486e+000	-3.903549e+000
1.000018763028496e-004	1.000000e+000	-4.381298e+000	-3.969712e+000	-3.916067e+000
1.000022493314196e-004	1.000000e+000	-4.381251e+000	-3.991275e+000	-3.928387e+000
1.000026223599895e-004	1.000000e+000	-4.381204e+000	-4.012175e+000	-3.940509e+000
1.000052437999790e-004	1.000000e+000	-4.380875e+000	-4.144128e+000	-4.020645e+000
1.000104866799581e-004	1.000000e+000	-4.380216e+000	-4.340374e+000	-4.155236e+000
1.000209724399162e-004	1.000000e+000	-4.378896e+000	-4.551211e+000	-4.338774e+000
1.000379120431826e-004	1.000000e+000	-4.376761e+000	-4.612803e+000	-4.470006e+000
1.000549143378594e-004	1.000000e+000	-4.374616e+000	-4.508621e+000	-4.465782e+000
1.000739099896320e-004	1.000000e+000	-4.372215e+000	-4.375294e+000	-4.399190e+000
1.000936003845145e-004	1.000000e+000	-4.369722e+000	-4.324809e+000	-4.355334e+000
1.001193702766308e-004	1.000000e+000	-4.366451e+000	-4.344778e+000	-4.351631e+000
1.001476689170376e-004	1.000000e+000	-4.362851e+000	-4.369827e+000	-4.364623e+000
1.001858917977136e-004	1.000000e+000	-4.357970e+000	-4.367020e+000	-4.365963e+000
1.002434150614765e-004	1.000000e+000	-4.350593e+000	-4.350877e+000	-4.353984e+000
1.003079088730380e-004	1.000000e+000	-4.342268e+000	-4.343365e+000	-4.345172e+000
1.004291150986547e-004	1.000000e+000	-4.326486e+000	-4.328825e+000	-4.330630e+000
1.005702556617949e-004	1.000000e+000	-4.307875e+000	-4.309531e+000	-4.311631e+000
1.008046306617949e-004	1.000000e+000	-4.276470e+000	-4.278633e+000	-4.280551e+000
1.010390056617949e-004	1.000000e+000	-4.244490e+000	-4.246590e+000	-4.248587e+000
1.015077556617949e-004	1.000000e+000	-4.178633e+000	-4.180833e+000	-4.182905e+000
1.017421306617949e-004	1.000000e+000	-4.144765e+000	-4.147074e+000	-4.149143e+000
1.019765056617949e-004	1.000000e+000	-4.110279e+000	-4.112580e+000	-4.114720e+000
1.022108806617949e-004	1.000000e+000	-4.075178e+000	-4.077555e+000	-4.079703e+000
1.024452556617949e-004	1.000000e+000	-4.039468e+000	-4.041867e+000	-4.044074e+000
1.026796306617949e-004	1.000000e+000	-4.003155e+000	-4.005602e+000	-4.007829e+000
1.029140056617949e-004	1.000000e+000	-3.966244e+000	-3.968735e+000	-3.971007e+000
1.031483806617949e-004	1.000000e+000	-3.928741e+000	-3.931262e+000	-3.933564e+000
1.033827556617949e-004	1.000000e+000	-3.890650e+000	-3.893226e+000	-3.895564e+000
1.036171306617949e-004	1.000000e+000	-3.851978e+000	-3.854576e+000	-3.856951e+000
1.050903449475093e-004	1.000000e+000	-3.591454e+000	-3.594300e+000	-3.596884e+000
1.065635592332236e-004	1.000000e+000	-3.314126e+000	-3.317197e+000	-3.319974e+000
1.080367735189379e-004	1.000000e+000	-3.019992e+000	-3.023270e+000	-3.026221e+000
1.095099878046522e-004	1.000000e+000	-2.709054e+000	-2.712516e+000	-2.715625e+000
1.109832020903665e-004	1.000000e+000	-2.381310e+000	-2.384937e+000	-2.388185e+000
1.124564163760808e-004	1.000000e+000	-2.036762e+000	-2.040532e+000	-2.043902e+000
1.139296306617951e-004	1.000000e+000	-1.675408e+000	-1.679302e+000	-1.682775e+000
1.147332020903666e-004	1.000000e+000	-1.475686e+000	-1.479636e+000	-1.483157e+000
1.155367735189380e-004	1.000000e+000	-1.274266e+000	-1.278266e+000	-1.281827e+000
1.163403449475094e-004	1.000000e+000	-1.071147e+000	-1.075190e+000	-1.078786e+000
1.171439163760809e-004	1.000000e+000	-8.663304e-001	-8.704089e-001	-8.740330e-001
1.179474878046523e-004	1.000000e+000	-6.598156e-001	-6.639226e-001	-6.675684e-001
1.187510592332238e-004	1.000000e+000	-4.516026e-001	-4.557310e-001	-4.593922e-001
1.195546306617952e-004	1.000000e+000	-2.416915e-001	-2.458341e-001	-2.495044e-001
1.198224878046524e-004	1.000000e+000	-1.718760e-001	-1.760218e-001	-1.796935e-001
1.200903449475095e-004	1.000000e+000	-1.020611e-001	-1.062091e-001	-1.098817e-001
1.203582020903667e-004	1.000000e+000	-3.224667e-002	-3.639616e-002	-4.006889e-002
1.206260592332238e-004	1.000000e+000	3.756722e-002	3.341707e-002	2.974494e-002
1.208939163760809e-004	1.000000e+000	1.073806e-001	1.032306e-001	9.955978e-002
1.211617735189381e-004	1.000000e+000	1.771935e-001	1.730444e-001	1.693756e-001
1.214296306617952e-004	1.000000e+000	2.470058e-001	2.428585e-001	2.391925e-001
1.219396835672531e-004	1.000000e+000	3.799621e-001	3.758204e-001	3.721616e-001
1.224497364727109e-004	1.000000e+000	5.124196e-001	5.082865e-001	5.046375e-001
1.229597893781687e-004	1.000000e+000	6.443785e-001	6.402568e-001	6.366202e-001
1.234698422836265e-004	1.000000e+000	7.758387e-001	7.717313e-001	7.681096e-001
1.239798951890844e-004	1.000000e+000	9.068002e-001	9.027100e-001	8.991058e-001
1.244899480945422e-004	1.000000e+000	1.037263e+000	1.033193e+000	1.029609e+000
1.250000010000000e-004	1.000000e+000	1.167227e+000	1.163180e+000	1.159618e+000
1.250000011000000e-004	9.000000e-001	1.167227e+000	1.163180e+000	1.159618e+000
1.250000013000000e-004	7.000000e-001	1.167227e+000	1.163180e+000	1.159619e+000
1.250000017000000e-004	3.000000e-001	1.167227e+000	1.163180e+000	1.159619e+000
1.250000020000000e-004	1.077207e-008	1.167227e+000	1.163180e+000	1.159619e+000
1.250000020800000e-004	3.590689e-009	1.167227e+000	1.163180e+000	1.159619e+000
1.250000022400000e-004	0.000000e+000	1.167227e+000	1.163180e+000	1.159619e+000
1.250000025600000e-004	0.000000e+000	1.167228e+000	1.163180e+000	1.159619e+000
1.250000032000000e-004	0.000000e+000	1.167228e+000	1.163180e+000	1.159619e+000
1.250000044800000e-004	0.000000e+000	1.167228e+000	1.163180e+000	1.159619e+000
1.250000070400000e-004	0.000000e+000	1.167229e+000	1.163179e+000	1.159619e+000
1.250000121600000e-004	0.000000e+000	1.167230e+000	1.163178e+000	1.159619e+000
1.250000223999999e-004	0.000000e+000	1.167233e+000	1.163175e+000	1.159619e+000
1.250000428799998e-004	0.000000e+000	1.167238e+000	1.163171e+000	1.159619e+000
1.250000838399996e-004	0.000000e+000	1.167248e+000	1.163162e+000	1.159619e+000
1.250001657599993e-004	0.000000e+000	1.167269e+000	1.163144e+000	1.159619e+000
1.250003295999987e-004	0.000000e+000	1.167310e+000	1.163108e+000	1.159619e+000
1.250006572799974e-004	0.000000e+000	1.167393e+000	1.163037e+000	1.159619e+000
1.250026233599895e-004	0.000000e+000	1.167892e+000	1.162648e+000	1.159619e+000
1.250104876799581e-004	0.000000e+000	1.169886e+000	1.161541e+000	1.159620e+000
1.250209734399162e-004	0.000000e+000	1.172544e+000	1.160722e+000	1.159622e+000
1.250419449598324e-004	0.000000e+000	1.177858e+000	1.160023e+000	1.159630e+000
1.250838879996648e-004	0.000000e+000	1.188482e+000	1.159729e+000	1.159675e+000
1.251677740793296e-004	0.000000e+000	1.209716e+000	1.159886e+000	1.159860e+000
1.252255733413554e-004	0.000000e+000	1.224336e+000	1.160123e+000	1.160074e+000
1.252822476930517e-004	0.000000e+000	1.238658e+000	1.160425e+000	1.160362e+000
1.253495138003236e-004	0.000000e+000	1.255643e+000	1.160820e+000	1.160749e+000
1.254128415751826e-004	0.000000e+000	1.271619e+000	1.161206e+000	1.161132e+000
1.254908969775826e-004	0.000000e+000	1.291286e+000	1.161704e+000	1.161626e+000
1.256470077823826e-004	0.000000e+000	1.330545e+000	1.162758e+000	1.162674e+000
1.258813827823826e-004	0.000000e+000	1.389336e+000	1.164457e+000	1.164364e+000
1.261157577823826e-004	0.000000e+000	1.447935e+000	1.166293e+000	1.166191e+000
1.263501327823825e-004	0.000000e+000	1.506319e+000	1.168274e+000	1.168163e+000
1.265845077823825e-004	0.000000e+000	1.564477e+000	1.170397e+000	1.170278e+000
1.268188827823825e-004	0.000000e+000	1.622401e+000	1.172660e+000	1.172533e+000
1.270532577823825e-004	0.000000e+000	1.680083e+000	1.175061e+000	1.174925e+000
1.272876327823825e-004	0.000000e+000	1.737514e+000	1.177597e+000	1.177453e+000
1.275220077823825e-004	0.000000e+000	1.794686e+000	1.180267e+000	1.180116e+000
1.277563827823825e-004	0.000000e+000	1.851589e+000	1.183071e+000	1.182911e+000
1.282251327823825e-004	0.000000e+000	1.964557e+000	1.189069e+000	1.188894e+000
1.289282577823824e-004	0.000000e+000	2.131788e+000	1.199028e+000	1.198830e+000
1.303010256395252e-004	0.000000e+000	2.453435e+000	1.222362e+000	1.222121e+000
1.316737934966680e-004	0.000000e+000	2.758847e+000	1.249046e+000	1.248766e+000
1.330465613538109e-004	0.000000e+000	3.048025e+000	1.279081e+000	1.278764e+000
1.344193292109536e-004	0.000000e+000	3.320968e+000	1.312466e+000	1.312115e+000
1.357920970680964e-004	0.000000e+000	3.577677e+000	1.349202e+000	1.348819e+000
1.371648649252392e-004	0.000000e+000	3.818151e+000	1.389288e+000	1.388878e+000
1.385376327823820e-004	0.000000e+000	4.042391e+000	1.432725e+000	1.432289e+000
1.401751138134703e-004	0.000000e+000	4.281374e+000	1.488140e+000	1.487679e+000
1.418125948445586e-004	0.000000e+000	4.486179e+000	1.544836e+000	1.544354e+000
1.434500758756469e-004	0.000000e+000	4.656806e+000	1.602814e+000	1.602316e+000
1.450875569067352e-004	0.000000e+000	4.793255e+000	1.662073e+000	1.661565e+000
1.467250379378235e-004	0.000000e+000	4.895525e+000	1.722613e+000	1.722099e+000
1.483625189689117e-004	0.000000e+000	4.963618e+000	1.784434e+000	1.783920e+000
1.500000000000000e-004	0.000000e+000	4.997533e+000	1.847537e+000	1.847028e+000
1.500000001000000e-004	1.000000e-001	4.997533e+000	1.847537e+000	1.847028e+000
1.500000003000000e-004	3.000000e-001	4.997533e+000	1.847545e+000	1.847032e+000
1.500000007000000e-004	7.000000e-001	4.997533e+000	1.847593e+000	1.847057e+000
1.500000010000000e-004	1.000000e+000	4.997533e+000	1.847652e+000	1.847089e+000
1.500000010800000e-004	1.000000e+000	4.997533e+000	1.847671e+000	1.847099e+000
1.500000012400000e-004	1.000000e+000	4.997533e+000	1.847709e+000	1.847119e+000
1.500000022000000e-004	1.000000e+000	4.997533e+000	1.847934e+000	1.847238e+000
1.500000034800000e-004	1.000000e+000	4.997533e+000	1.848234e+000	1.847398e+000
1.500000060400000e-004	1.000000e+000	4.997533e+000	1.848835e+000	1.847716e+000
1.500007542914256e-004	1.000000e+000	4.997539e+000	2.018363e+000	1.939263e+000
1.500015025428511e-004	1.000000e+000	4.997545e+000	2.179666e+000	2.028243e+000
1.500022507942767e-004	1.000000e+000	4.997551e+000	2.332741e+000	2.114656e+000
1.500029990457023e-004	1.000000e+000	4.997557e+000	2.477591e+000	2.198502e+000
1.500037472971279e-004	1.000000e+000	4.997563e+000	2.614214e+000	2.279781e+000
1.500044955485535e-004	1.000000e+000	4.997570e+000	2.742610e+000	2.358493e+000
1.500052437999791e-004	1.000000e+000	4.997576e+000	2.862781e+000	2.434638e+000
1.500104866799581e-004	1.000000e+000	4.997618e+000	3.575394e+000	2.918388e+000
1.500190151130279e-004	1.000000e+000	4.997686e+000	4.378504e+000	3.561130e+000
1.500277214676123e-004	1.000000e+000	4.997754e+000	4.869229e+000	4.056545e+000
1.500389080276903e-004	1.000000e+000	4.997841e+000	5.168806e+000	4.489569e+000
1.500515606424468e-004	1.000000e+000	4.997936e+000	5.250877e+000	4.767247e+000
1.500694866007008e-004	1.000000e+000	4.998068e+000	5.156569e+000	4.920107e+000
1.500873352485982e-004	1.000000e+000	4.998195e+000	5.028369e+000	4.944678e+000
1.501087605343245e-004	1.000000e+000	4.998341e+000	4.957641e+000	4.939386e+000
1.501359052779031e-004	1.000000e+000	4.998518e+000	4.971350e+000	4.959466e+000
1.501652821858381e-004	1.000000e+000	4.998697e+000	5.002090e+000	4.988153e+000
1.502049708881945e-004	1.000000e+000	4.998917e+000	5.006590e+000	5.000978e+000
1.502702995912259e-004	1.000000e+000	4.999235e+000	4.997399e+000	4.998276e+000
1.503367901309725e-004	1.000000e+000	4.999490e+000	4.998436e+000	4.998323e+000
1.504697712104657e-004	1.000000e+000	4.999812e+000	4.999988e+000	4.999963e+000
1.506208834490638e-004	1.000000e+000	4.999877e+000	4.999420e+000	4.999647e+000
1.508552584490638e-004	1.000000e+000	4.999378e+000	4.999444e+000	4.999516e+000
1.510896334490637e-004	1.000000e+000	4.998199e+000	4.998196e+000	4.998353e+000
1.513240084490637e-004	1.000000e+000	4.996274e+000	4.996433e+000	4.996589e+000
1.515583834490637e-004	1.000000e+000	4.993601e+000	4.993712e+000	4.993960e+000
1.517927584490637e-004	1.000000e+000	4.990183e+000	4.990427e+000	4.990675e+000
1.520271334490637e-004	1.000000e+000	4.986019e+000	4.986249e+000	4.986582e+000
1.522615084490637e-004	1.000000e+000	4.981110e+000	4.981439e+000	4.981781e+000
1.524958834490637e-004	1.000000e+000	4.975457e+000	4.975805e+000	4.976221e+000
1.527302584490637e-004	1.000000e+000	4.969061e+000	4.969476e+000	4.969914e+000
1.529646334490637e-004	1.000000e+000	4.961923e+000	4.962383e+000	4.962881e+000
1.531990084490637e-004	1.000000e+000	4.954043e+000	4.954549e+000	4.955082e+000
1.534333834490637e-004	1.000000e+000	4.945423e+000	4.945992e+000	4.946573e+000
1.536677584490636e-004	1.000000e+000	4.936064e+000	4.936666e+000	4.937293e+000
1.539021334490636e-004	1.000000e+000	4.925968e+000	4.926640e+000	4.927306e+000
1.541365084490636e-004	1.000000e+000	4.915136e+000	4.915837e+000	4.916554e+000
1.546052584490636e-004	1.000000e+000	4.891271e+000	4.892074e+000	4.892879e+000
1.548396334490636e-004	1.000000e+000	4.878241e+000	4.879108e+000	4.879950e+000
1.550740084490636e-004	1.000000e+000	4.864482e+000	4.865388e+000	4.866280e+000
1.553083834490636e-004	1.000000e+000	4.849998e+000	4.850961e+000	4.851891e+000
1.555427584490636e-004	1.000000e+000	4.834787e+000	4.835794e+000	4.836772e+000
1.557771334490636e-004	1.000000e+000	4.818855e+000	4.819915e+000	4.820932e+000
1.560115084490635e-004	1.000000e+000	4.802204e+000	4.803310e+000	4.804374e+000
1.562458834490635e-004	1.000000e+000	4.784834e+000	4.785990e+000	4.787094e+000
1.569490084490635e-004	1.000000e+000	4.728448e+000	4.729752e+000	4.730984e+000
1.595271334490634e-004	1.000000e+000	4.467980e+000	4.469799e+000	4.471483e+000
1.597615084490634e-004	1.000000e+000	4.440220e+000	4.442083e+000	4.443808e+000
1.614356155919205e-004	1.000000e+000	4.217305e+000	4.219489e+000	4.221495e+000
1.631097227347775e-004	1.000000e+000	3.967622e+000	3.970107e+000	3.972373e+000
1.647838298776346e-004	1.000000e+000	3.691173e+000	3.693935e+000	3.696442e+000
1.664579370204917e-004	1.000000e+000	3.387957e+000	3.390975e+000	3.393703e+000
1.681320441633488e-004	1.000000e+000	3.057974e+000	3.061226e+000	3.064156e+000
1.698061513062058e-004	1.000000e+000	2.701224e+000	2.704688e+000	2.707799e+000
1.714802584490629e-004	1.000000e+000	2.317707e+000	2.321361e+000	2.324635e+000
1.719830788134825e-004	1.000000e+000	2.200533e+000	2.204237e+000	2.207553e+000
1.724858991779021e-004	1.000000e+000	2.082059e+000	2.085812e+000	2.089168e+000
1.729887195423217e-004	1.000000e+000	1.962287e+000	1.966084e+000	1.969478e+000
1.734915399067413e-004	1.000000e+000	1.841214e+000	1.845054e+000	1.848484e+000
1.739943602711609e-004	1.000000e+000	1.718843e+000	1.722723e+000	1.726185e+000
1.744971806355804e-004	1.000000e+000	1.595172e+000	1.599089e+000	1.602583e+000
1.750000010000000e-004	1.000000e+000	1.470201e+000	1.474153e+000	1.477676e+000
1.750000011000000e-004	9.000000e-001	1.470201e+000	1.474153e+000	1.477676e+000
1.750000013000000e-004	7.000000e-001	1.470201e+000	1.474153e+000	1.477676e+000
1.750000017000000e-004	3.000000e-001	1.470201e+000	1.474153e+000	1.477676e+000
1.750000020000000e-004	0.000000e+000	1.470201e+000	1.474153e+000	1.477676e+000
1.750000020800000e-004	0.000000e+000	1.470201e+000	1.474153e+000	1.477676e+000
1.750000022400000e-004	0.000000e+000	1.470201e+000	1.474153e+000	1.477676e+000
1.750000025600000e-004	0.000000e+000	1.470201e+000	1.474153e+000	1.477676e+000
1.750000032000000e-004	0.000000e+000	1.470201e+000	1.474154e+000	1.477676e+000
1.750000044800000e-004	0.000000e+000	1.470201e+000	1.474154e+000	1.477676e+000
1.750000070400000e-004	0.000000e+000	1.470200e+000	1.474154e+000	1.477676e+000
1.750000121600000e-004	0.000000e+000	1.470199e+000	1.474155e+000	1.477676e+000
1.750000223999999e-004	0.000000e+000	1.470196e+000	1.474158e+000	1.477676e+000
1.750000428799998e-004	0.000000e+000	1.470191e+000	1.474162e+000	1.477676e+000
1.750000838399997e-004	0.000000e+000	1.470181e+000	1.474171e+000	1.477676e+000
1.750001657599993e-004	0.000000e+000	1.470160e+000	1.474189e+000	1.477676e+000
1.750003295999987e-004	0.000000e+000	1.470119e+000	1.474224e+000	1.477675e+000
1.750006572799974e-004	0.000000e+000	1.470038e+000	1.474294e+000	1.477675e+000
1.750013126399948e-004	0.000000e+000	1.469875e+000	1.474428e+000	1.477675e+000
1.750104876799581e-004	0.000000e+000	1.467588e+000	1.475762e+000	1.477674e+000
1.750209734399162e-004	0.000000e+000	1.464973e+000	1.476566e+000	1.477672e+000
1.750419449598324e-004	0.000000e+000	1.459743e+000	1.477252e+000	1.477664e+000
1.750838879996648e-004	0.000000e+000	1.449277e+000	1.477541e+000	1.477620e+000
1.751677740793296e-004	0.000000e+000	1.428328e+000	1.477390e+000	1.477443e+000
1.752157945295138e-004	0.000000e+000	1.416326e+000	1.477203e+000	1.477276e+000
1.752566021592309e-004	0.000000e+000	1.406118e+000	1.476994e+000	1.477078e+000
1.753125367541276e-004	0.000000e+000	1.392115e+000	1.476673e+000	1.476767e+000
1.753559039650393e-004	0.000000e+000	1.381251e+000	1.476415e+000	1.476513e+000
1.754108480907247e-004	0.000000e+000	1.367474e+000	1.476080e+000	1.476180e+000
1.754933317877218e-004	0.000000e+000	1.346766e+000	1.475554e+000	1.475658e+000
1.756582991817159e-004	0.000000e+000	1.305269e+000	1.474440e+000	1.474550e+000
1.758926741817159e-004	0.000000e+000	1.246166e+000	1.472738e+000	1.472858e+000
1.761270491817159e-004	0.000000e+000	1.186891e+000	1.470897e+000	1.471026e+000
1.763614241817158e-004	0.000000e+000	1.127439e+000	1.468909e+000	1.469046e+000
1.765957991817158e-004	0.000000e+000	1.067819e+000	1.466775e+000	1.466921e+000
1.768301741817158e-004	0.000000e+000	1.008039e+000	1.464498e+000	1.464652e+000
1.770645491817158e-004	0.000000e+000	9.481090e-001	1.462078e+000	1.462241e+000
1.772989241817158e-004	0.000000e+000	8.880370e-001	1.459516e+000	1.459688e+000
1.775332991817158e-004	0.000000e+000	8.278323e-001	1.456814e+000	1.456994e+000
1.777676741817158e-004	0.000000e+000	7.675039e-001	1.453971e+000	1.454159e+000
1.782364241817158e-004	0.000000e+000	6.465123e-001	1.447866e+000	1.448071e+000
1.786047277531443e-004	0.000000e+000	5.510844e-001	1.442676e+000	1.442894e+000
1.789730313245729e-004	0.000000e+000	4.555415e-001	1.437148e+000	1.437380e+000
1.793413348960014e-004	0.000000e+000	3.598835e-001	1.431283e+000	1.431527e+000
1.797096384674300e-004	0.000000e+000	2.641105e-001	1.425080e+000	1.425337e+000
1.800779420388586e-004	0.000000e+000	1.682224e-001	1.418539e+000	1.418809e+000
1.804462456102871e-004	0.000000e+000	7.221926e-002	1.411660e+000	1.411943e+000
1.808145491817157e-004	0.000000e+000	-2.389894e-002	1.404444e+000	1.404739e+000
1.814172277531442e-004	0.000000e+000	-1.813891e-001	1.391902e+000	1.392218e+000
1.820199063245727e-004	0.000000e+000	-3.383143e-001	1.378501e+000	1.378837e+000
1.826225848960013e-004	0.000000e+000	-4.946745e-001	1.364240e+000	1.364596e+000
1.832252634674298e-004	0.000000e+000	-6.504696e-001	1.349118e+000	1.349495e+000
1.838279420388584e-004	0.000000e+000	-8.056997e-001	1.333137e+000	1.333533e+000
1.844306206102869e-004	0.000000e+000	-9.603648e-001	1.316296e+000	1.316712e+000
1.850332991817155e-004	0.000000e+000	-1.114465e+000	1.298595e+000	1.299030e+000
1.863056206102869e-004	0.000000e+000	-1.438488e+000	1.258193e+000	1.258667e+000
1.875779420388582e-004	0.000000e+000	-1.752848e+000	1.214634e+000	1.215147e+000
1.888502634674296e-004	0.000000e+000	-2.057544e+000	1.167919e+000	1.168468e+000
1.901225848960010e-004	0.000000e+000	-2.352577e+000	1.118049e+000	1.118632e+000
1.913949063245724e-004	0.000000e+000	-2.637945e+000	1.065022e+000	1.065638e+000
1.926672277531438e-004	0.000000e+000	-2.913650e+000	1.008840e+000	1.009486e+000
1.939395491817151e-004	0.000000e+000	-3.179691e+000	9.495017e-001	9.501769e-001
1.948053278700415e-004	0.000000e+000	-3.351357e+000	9.077860e-001	9.084792e-001
1.956711065583679e-004	0.000000e+000	-3.515417e+000	8.651610e-001	8.658711e-001
1.965368852466944e-004	0.000000e+000	-3.671871e+000	8.216268e-001	8.223525e-001
1.974026639350208e-004	0.000000e+000	-3.820721e+000	7.771833e-001	7.779234e-001
1.982684426233472e-004	0.000000e+000	-3.961966e+000	7.318305e-001	7.325838e-001
1.991342213116736e-004	0.000000e+000	-4.095605e+000	6.855685e-001	6.863337e-001
2.000000000000000e-004	0.000000e+000	-4.221640e+000	6.383972e-001	6.391732e-001
2.000000001000000e-004	1.000000e-001	-4.221640e+000	6.383972e-001	6.391732e-001
2.000000003000000e-004	3.000000e-001	-4.221640e+000	6.383860e-001	6.391672e-001
2.000000007000000e-004	7.000000e-001	-4.221640e+000	6.383156e-001	6.391298e-001
2.000000010000000e-004	1.000000e+000	-4.221640e+000	6.382288e-001	6.390837e-001
2.000000010800000e-004	1.000000e+000	-4.221640e+000	6.382014e-001	6.390693e-001
2.000000012400000e-004	1.000000e+000	-4.221640e+000	6.381466e-001	6.390402e-001
2.000000015600000e-004	1.000000e+000	-4.221640e+000	6.380371e-001	6.389821e-001
2.000000034800000e-004	1.000000e+000	-4.221640e+000	6.373800e-001	6.386334e-001
2.000003776057128e-004	1.000000e+000	-4.221692e+000	5.113982e-001	5.712494e-001
2.000007517314256e-004	1.000000e+000	-4.221744e+000	3.887595e-001	5.048573e-001
2.000011258571384e-004	1.000000e+000	-4.221797e+000	2.694636e-001	4.394570e-001
2.000014999828512e-004	1.000000e+000	-4.221849e+000	1.535108e-001	3.750485e-001
2.000018741085639e-004	1.000000e+000	-4.221901e+000	4.090088e-002	3.116319e-001
2.000022482342767e-004	1.000000e+000	-4.221953e+000	-6.836605e-002	2.492072e-001
2.000026223599895e-004	1.000000e+000	-4.222006e+000	-1.742900e-001	1.877742e-001
2.000052437999791e-004	1.000000e+000	-4.222372e+000	-8.489555e-001	-2.203681e-001
2.000097659046282e-004	1.000000e+000	-4.223003e+000	-1.795992e+000	-8.496200e-001
2.000152357433496e-004	1.000000e+000	-4.223767e+000	-2.653260e+000	-1.499611e+000
2.000221274031312e-004	1.000000e+000	-4.224728e+000	-3.395535e+000	-2.168599e+000
2.000298854874740e-004	1.000000e+000	-4.225810e+000	-3.925448e+000	-2.757627e+000
2.000394600491196e-004	1.000000e+000	-4.227143e+000	-4.289713e+000	-3.291595e+000
2.000507229359587e-004	1.000000e+000	-4.228711e+000	-4.462751e+000	-3.702749e+000
2.000656493325959e-004	1.000000e+000	-4.230786e+000	-4.457519e+000	-3.990331e+000
2.000829144657069e-004	1.000000e+000	-4.233184e+000	-4.333297e+000	-4.114310e+000
2.001012050555872e-004	1.000000e+000	-4.235720e+000	-4.222845e+000	-4.143112e+000
2.001225665108177e-004	1.000000e+000	-4.238676e+000	-4.191752e+000	-4.162455e+000
2.001516495637394e-004	1.000000e+000	-4.242693e+000	-4.227089e+000	-4.205124e+000
2.001806156592504e-004	1.000000e+000	-4.246684e+000	-4.253045e+000	-4.236388e+000
2.002226281614090e-004	1.000000e+000	-4.252453e+000	-4.254221e+000	-4.249546e+000
2.002755789291136e-004	1.000000e+000	-4.259695e+000	-4.255167e+000	-4.254374e+000
2.003461162670362e-004	1.000000e+000	-4.269286e+000	-4.267123e+000	-4.264839e+000
2.004533126329224e-004	1.000000e+000	-4.283735e+000	-4.281968e+000	-4.280049e+000
2.006284840821586e-004	1.000000e+000	-4.307047e+000	-4.304708e+000	-4.302938e+000
2.008628590821586e-004	1.000000e+000	-4.337720e+000	-4.335648e+000	-4.333853e+000
2.010972340821586e-004	1.000000e+000	-4.367787e+000	-4.365685e+000	-4.363944e+000
2.013316090821586e-004	1.000000e+000	-4.397201e+000	-4.395219e+000	-4.393495e+000
2.015659840821586e-004	1.000000e+000	-4.425957e+000	-4.423947e+000	-4.422290e+000
2.020347340821586e-004	1.000000e+000	-4.481483e+000	-4.479572e+000	-4.477995e+000
2.022691090821586e-004	1.000000e+000	-4.508244e+000	-4.506425e+000	-4.504861e+000
2.025034840821585e-004	1.000000e+000	-4.534331e+000	-4.532522e+000	-4.531023e+000
2.027378590821585e-004	1.000000e+000	-4.559741e+000	-4.558002e+000	-4.556524e+000
2.029722340821585e-004	1.000000e+000	-4.584469e+000	-4.582762e+000	-4.581341e+000
2.032066090821585e-004	1.000000e+000	-4.608512e+000	-4.606858e+000	-4.605467e+000
2.034409840821585e-004	1.000000e+000	-4.631868e+000	-4.630261e+000	-4.628919e+000
2.036753590821585e-004	1.000000e+000	-4.654531e+000	-4.652965e+000	-4.651661e+000
2.039097340821585e-004	1.000000e+000	-4.676499e+000	-4.674990e+000	-4.673728e+000
2.041441090821585e-004	1.000000e+000	-4.697768e+000	-4.696294e+000	-4.695077e+000
2.043784840821585e-004	1.000000e+000	-4.718335e+000	-4.716922e+000	-4.715744e+000
2.046128590821585e-004	1.000000e+000	-4.738204e+000	-4.736836e+000	-4.735701e+000
2.048472340821584e-004	1.000000e+000	-4.757359e+000	-4.756036e+000	-4.754945e+000
2.050816090821584e-004	1.000000e+000	-4.775799e+000	-4.774523e+000	-4.773475e+000
2.053159840821584e-004	1.000000e+000	-4.793524e+000	-4.792295e+000	-4.791291e+000
2.055503590821584e-004	1.000000e+000	-4.810535e+000	-4.809354e+000	-4.808393e+000
2.057847340821584e-004	1.000000e+000	-4.826830e+000	-4.825698e+000	-4.824781e+000
2.060191090821584e-004	1.000000e+000	-4.842412e+000	-4.841329e+000	-4.840456e+000
2.062534840821584e-004	1.000000e+000	-4.857263e+000	-4.856231e+000	-4.855399e+000
2.064878590821584e-004	1.000000e+000	-4.871388e+000	-4.870405e+000	-4.869618e+000
2.070570555107298e-004	1.000000e+000	-4.902703e+000	-4.901841e+000	-4.901161e+000
2.076262519393012e-004	1.000000e+000	-4.929651e+000	-4.928909e+000	-4.928337e+000
2.081954483678726e-004	1.000000e+000	-4.952231e+000	-4.951611e+000	-4.951146e+000
2.087646447964440e-004	1.000000e+000	-4.970444e+000	-4.969945e+000	-4.969589e+000
2.093338412250154e-004	1.000000e+000	-4.984289e+000	-4.983913e+000	-4.983665e+000
2.099030376535868e-004	1.000000e+000	-4.993767e+000	-4.993513e+000	-4.993374e+000
2.104722340821582e-004	1.000000e+000	-4.998877e+000	-4.998747e+000	-4.998717e+000
2.109409840821582e-004	1.000000e+000	-4.999738e+000	-4.999710e+000	-4.999770e+000
2.114097340821582e-004	1.000000e+000	-4.997621e+000	-4.997694e+000	-4.997844e+000
2.118784840821582e-004	1.000000e+000	-4.992524e+000	-4.992698e+000	-4.992938e+000
2.123472340821581e-004	1.000000e+000	-4.984448e+000	-4.984723e+000	-4.985052e+000
2.128159840821581e-004	1.000000e+000	-4.973393e+000	-4.973769e+000	-4.974187e+000
2.132847340821581e-004	1.000000e+000	-4.959359e+000	-4.959836e+000	-4.960343e+000
2.137534840821581e-004	1.000000e+000	-4.942346e+000	-4.942924e+000	-4.943519e+000
2.149253590821580e-004	1.000000e+000	-4.886009e+000	-4.886840e+000	-4.887657e+000
2.160972340821580e-004	1.000000e+000	-4.812310e+000	-4.813387e+000	-4.814422e+000
2.172691090821579e-004	1.000000e+000	-4.721247e+000	-4.722565e+000	-4.723813e+000
2.184409840821579e-004	1.000000e+000	-4.612821e+000	-4.614375e+000	-4.615830e+000
2.196128590821578e-004	1.000000e+000	-4.487031e+000	-4.488816e+000	-4.490473e+000
2.207847340821578e-004	1.000000e+000	-4.343878e+000	-4.345889e+000	-4.347743e+000
2.219566090821577e-004	1.000000e+000	-4.183362e+000	-4.185593e+000	-4.187639e+000
2.223913793561352e-004	1.000000e+000	-4.120098e+000	-4.122407e+000	-4.124522e+000
2.228261496301127e-004	1.000000e+000	-4.054817e+000	-4.057204e+000	-4.059386e+000
2.232609199040902e-004	1.000000e+000	-3.987519e+000	-3.989982e+000	-3.992230e+000
2.236956901780676e-004	1.000000e+000	-3.918203e+000	-3.920742e+000	-3.923055e+000
2.241304604520451e-004	1.000000e+000	-3.846871e+000	-3.849483e+000	-3.851861e+000
2.245652307260226e-004	1.000000e+000	-3.773522e+000	-3.776206e+000	-3.778647e+000
2.250000010000000e-004	1.000000e+000	-3.698155e+000	-3.700911e+000	-3.703414e+000
2.250000011000000e-004	9.000000e-001	-3.698155e+000	-3.700911e+000	-3.703413e+000
2.250000013000000e-004	7.000000e-001	-3.698155e+000	-3.700911e+000	-3.703413e+000
2.250000017000000e-004	3.000000e-001	-3.698155e+000	-3.700911e+000	-3.703413e+000
2.250000020000000e-004	0.000000e+000	-3.698155e+000	-3.700911e+000	-3.703413e+000
2.250000020800000e-004	0.000000e+000	-3.698155e+000	-3.700911e+000	-3.703413e+000
2.250000022400000e-004	0.000000e+000	-3.698155e+000	-3.700911e+000	-3.703413e+000
2.250000025600000e-004	0.000000e+000	-3.698155e+000	-3.700912e+000	-3.703413e+000
2.250000032000000e-004	0.000000e+000	-3.698155e+000	-3.700912e+000	-3.703413e+000
2.250000044800000e-004	0.000000e+000	-3.698155e+000	-3.700912e+000	-3.703413e+000
2.250000070400000e-004	0.000000e+000	-3.698154e+000	-3.700912e+000	-3.703413e+000
2.250000121600000e-004	0.000000e+000	-3.698153e+000	-3.700913e+000	-3.703413e+000
2.250000223999999e-004	0.000000e+000	-3.698152e+000	-3.700915e+000	-3.703413e+000
2.250000428799998e-004	0.000000e+000	-3.698148e+000	-3.700918e+000	-3.703413e+000
2.250000838399997e-004	0.000000e+000	-3.698141e+000	-3.700924e+000	-3.703413e+000
2.250001657599993e-004	0.000000e+000	-3.698126e+000	-3.700937e+000	-3.703413e+000
2.250003295999987e-004	0.000000e+000	-3.698098e+000	-3.700961e+000	-3.703413e+000
2.250006572799974e-004	0.000000e+000	-3.698040e+000	-3.701010e+000	-3.703413e+000
2.250013126399948e-004	0.000000e+000	-3.697925e+000	-3.701104e+000	-3.703413e+000
2.250026233599895e-004	0.000000e+000	-3.697695e+000	-3.701279e+000	-3.703413e+000
2.250104876799581e-004	0.000000e+000	-3.696314e+000	-3.702042e+000	-3.703413e+000
2.250209734399162e-004	0.000000e+000	-3.694472e+000	-3.702607e+000	-3.703411e+000
2.250419449598324e-004	0.000000e+000	-3.690784e+000	-3.703089e+000	-3.703406e+000
2.250838879996648e-004	0.000000e+000	-3.683390e+000	-3.703292e+000	-3.703374e+000
2.251677740793296e-004	0.000000e+000	-3.668546e+000	-3.703155e+000	-3.703218e+000
2.252888405225546e-004	0.000000e+000	-3.647018e+000	-3.702699e+000	-3.702795e+000
2.253937204613500e-004	0.000000e+000	-3.628257e+000	-3.702160e+000	-3.702273e+000
2.255111252628258e-004	0.000000e+000	-3.607119e+000	-3.701473e+000	-3.701593e+000
2.256376090108369e-004	0.000000e+000	-3.584194e+000	-3.700696e+000	-3.700820e+000
2.257819932156609e-004	0.000000e+000	-3.557805e+000	-3.699761e+000	-3.699890e+000
2.260163682156609e-004	0.000000e+000	-3.514552e+000	-3.698153e+000	-3.698289e+000
2.262507432156609e-004	0.000000e+000	-3.470825e+000	-3.696444e+000	-3.696586e+000
2.264851182156609e-004	0.000000e+000	-3.426579e+000	-3.694624e+000	-3.694773e+000
2.267194932156609e-004	0.000000e+000	-3.381822e+000	-3.692694e+000	-3.692849e+000
2.269538682156609e-004	0.000000e+000	-3.336559e+000	-3.690655e+000	-3.690816e+000
2.271882432156609e-004	0.000000e+000	-3.290798e+000	-3.688506e+000	-3.688674e+000
2.274226182156609e-004	0.000000e+000	-3.244545e+000	-3.686248e+000	-3.686423e+000
2.276569932156609e-004	0.000000e+000	-3.197807e+000	-3.683880e+000	-3.684062e+000
2.281257432156608e-004	0.000000e+000	-3.102906e+000	-3.678814e+000	-3.679008e+000
2.285610110728037e-004	0.000000e+000	-3.013001e+000	-3.673721e+000	-3.673928e+000
2.289962789299465e-004	0.000000e+000	-2.921664e+000	-3.668234e+000	-3.668454e+000
2.294315467870894e-004	0.000000e+000	-2.828894e+000	-3.662353e+000	-3.662585e+000
2.298668146442322e-004	0.000000e+000	-2.734691e+000	-3.656077e+000	-3.656322e+000
2.303020825013750e-004	0.000000e+000	-2.639056e+000	-3.649407e+000	-3.649665e+000
2.307373503585179e-004	0.000000e+000	-2.541988e+000	-3.642343e+000	-3.642614e+000
2.311726182156607e-004	0.000000e+000	-2.443488e+000	-3.634884e+000	-3.635168e+000
2.320766360728035e-004	0.000000e+000	-2.233980e+000	-3.618116e+000	-3.618428e+000
2.329806539299464e-004	0.000000e+000	-2.020718e+000	-3.599525e+000	-3.599864e+000
2.338846717870892e-004	0.000000e+000	-1.803700e+000	-3.579110e+000	-3.579476e+000
2.347886896442320e-004	0.000000e+000	-1.582927e+000	-3.556871e+000	-3.557266e+000
2.356927075013748e-004	0.000000e+000	-1.358400e+000	-3.532808e+000	-3.533232e+000
2.365967253585176e-004	0.000000e+000	-1.130117e+000	-3.506922e+000	-3.507374e+000
2.375007432156605e-004	0.000000e+000	-8.980795e-001	-3.479213e+000	-3.479693e+000
2.378020825013747e-004	0.000000e+000	-8.206297e-001	-3.469553e+000	-3.470043e+000
2.381034217870890e-004	0.000000e+000	-7.430253e-001	-3.459687e+000	-3.460187e+000
2.384047610728033e-004	0.000000e+000	-6.652663e-001	-3.449616e+000	-3.450125e+000
2.387061003585176e-004	0.000000e+000	-5.873526e-001	-3.439339e+000	-3.439858e+000
2.390074396442318e-004	0.000000e+000	-5.092842e-001	-3.428856e+000	-3.429384e+000
2.393087789299461e-004	0.000000e+000	-4.310613e-001	-3.418168e+000	-3.418706e+000
2.396101182156604e-004	0.000000e+000	-3.526836e-001	-3.407274e+000	-3.407821e+000
2.398444932156604e-004	0.000000e+000	-2.917030e-001	-3.398670e+000	-3.399225e+000
2.400000000000000e-004	0.000000e+000	-2.512216e-001	-3.392907e+000	-3.393466e+000
