time	V(logic)	V(signal_in)	V(signal_out)	V(vc)
0.000000000000000e+000	0.000000e+000	0.000000e+000	0.000000e+000	0.000000e+000
1.000000000000000e-012	1.000000e+000	2.261947e-005	4.297644e-015	3.799985e-018
4.108702831216416e-010	1.000000e+000	9.293821e-003	-3.658311e-006	-3.417631e-009
8.207405662432832e-010	1.000000e+000	1.856471e-002	2.230078e-007	5.898926e-011
1.230610849364925e-009	1.000000e+000	2.783529e-002	1.164395e-005	1.042986e-008
1.640481132486567e-009	1.000000e+000	3.710556e-002	3.060453e-005	2.769499e-008
2.050351415608208e-009	1.000000e+000	4.637552e-002	5.710474e-005	5.185436e-008
2.460221698729849e-009	1.000000e+000	5.564517e-002	9.114457e-005	8.290799e-008
2.870091981851490e-009	1.000000e+000	6.491450e-002	1.327240e-004	1.208559e-007
3.573263073088259e-009	1.000000e+000	8.081480e-002	2.541316e-004	2.330600e-007
4.459726983489863e-009	1.000000e+000	1.008562e-001	4.893608e-004	4.528054e-007
5.556732933841142e-009	1.000000e+000	1.256508e-001	9.355368e-004	8.752263e-007
6.936024158759807e-009	1.000000e+000	1.568123e-001	1.792317e-003	1.699928e-006
8.651575321737134e-009	1.000000e+000	1.955448e-001	3.413462e-003	3.292825e-006
1.080834509388905e-008	1.000000e+000	2.441880e-001	6.497463e-003	6.401377e-006
1.350751830032305e-008	1.000000e+000	3.049644e-001	1.230013e-002	1.243898e-005
1.691681107995523e-008	1.000000e+000	3.815314e-001	2.322689e-002	2.426728e-005
2.123041191825988e-008	1.000000e+000	4.780074e-001	4.361702e-002	4.746582e-005
2.675644527288675e-008	1.000000e+000	6.007745e-001	8.159324e-002	9.348984e-005
3.392363880194732e-008	1.000000e+000	7.582402e-001	1.517958e-001	1.858329e-004
4.347271062241403e-008	1.000000e+000	9.640206e-001	2.809320e-001	3.756519e-004
5.680789858564186e-008	1.000000e+000	1.242390e+000	5.132265e-001	7.680004e-004
7.208966277886355e-008	1.000000e+000	1.544912e+000	8.260714e-001	1.401024e-003
9.139208608226413e-008	1.000000e+000	1.896322e+000	1.247050e+000	2.459778e-003
1.126361764622542e-007	1.000000e+000	2.231191e+000	1.692445e+000	3.932692e-003
1.432535037657373e-007	1.000000e+000	2.620183e+000	2.262565e+000	6.462947e-003
1.660167465419014e-007	1.000000e+000	2.845264e+000	2.626720e+000	8.555574e-003
1.696948574198239e-007	1.000000e+000	2.872483e+000	2.676096e+000	8.916019e-003
1.770510791756690e-007	1.000000e+000	2.912436e+000	2.758426e+000	9.660133e-003
1.917635226873593e-007	1.000000e+000	2.976617e+000	2.904325e+000	1.116473e-002
1.917645226873593e-007	1.000000e+000	2.976621e+000	2.904334e+000	1.116484e-002
1.917665226873593e-007	1.000000e+000	2.976626e+000	2.904351e+000	1.116504e-002
1.917705226873593e-007	1.000000e+000	2.976638e+000	2.904383e+000	1.116546e-002
1.917785226873593e-007	1.000000e+000	2.976660e+000	2.904448e+000	1.116629e-002
1.917945226873593e-007	1.000000e+000	2.976705e+000	2.904577e+000	1.116794e-002
1.918265226873594e-007	1.000000e+000	2.976795e+000	2.904835e+000	1.117126e-002
1.918905226873594e-007	1.000000e+000	2.976974e+000	2.905350e+000	1.117789e-002
1.920185226873596e-007	1.000000e+000	2.977330e+000	2.906378e+000	1.119115e-002
1.922745226873599e-007	1.000000e+000	2.978031e+000	2.908420e+000	1.121768e-002
1.927865226873604e-007	1.000000e+000	2.979391e+000	2.912456e+000	1.127075e-002
1.938105226873616e-007	1.000000e+000	2.981944e+000	2.920330e+000	1.137697e-002
1.950906883572664e-007	1.000000e+000	2.984992e+000	2.929999e+000	1.150988e-002
1.963708540271713e-007	1.000000e+000	2.987751e+000	2.939327e+000	1.164285e-002
1.976510196970762e-007	1.000000e+000	2.990220e+000	2.948314e+000	1.177589e-002
1.989311853669810e-007	1.000000e+000	2.992399e+000	2.956961e+000	1.190901e-002
2.002113510368859e-007	1.000000e+000	2.994289e+000	2.965268e+000	1.204219e-002
2.014915167067907e-007	1.000000e+000	2.995889e+000	2.973235e+000	1.217545e-002
2.027716823766956e-007	1.000000e+000	2.997199e+000	2.980860e+000	1.230877e-002
2.053293629980508e-007	1.000000e+000	2.999230e+000	2.995418e+000	1.257517e-002
2.053303629980508e-007	1.000000e+000	2.999231e+000	2.995423e+000	1.257527e-002
2.053323629980508e-007	1.000000e+000	2.999232e+000	2.995434e+000	1.257548e-002
2.053363629980508e-007	1.000000e+000	2.999234e+000	2.995455e+000	1.257590e-002
2.053443629980509e-007	1.000000e+000	2.999238e+000	2.995498e+000	1.257673e-002
2.053603629980509e-007	1.000000e+000	2.999246e+000	2.995584e+000	1.257840e-002
2.053923629980509e-007	1.000000e+000	2.999262e+000	2.995755e+000	1.258173e-002
2.054563629980510e-007	1.000000e+000	2.999294e+000	2.996097e+000	1.258840e-002
2.055843629980511e-007	1.000000e+000	2.999354e+000	2.996778e+000	1.260173e-002
2.058403629980514e-007	1.000000e+000	2.999465e+000	2.998127e+000	1.262840e-002
2.063523629980520e-007	1.000000e+000	2.999643e+000	3.000777e+000	1.268174e-002
2.073763629980532e-007	1.000000e+000	2.999922e+000	3.005987e+000	1.278840e-002
2.073773629980532e-007	1.000000e+000	2.999922e+000	3.005992e+000	1.278851e-002
2.073793629980532e-007	1.000000e+000	2.999923e+000	3.006002e+000	1.278872e-002
2.073833629980532e-007	1.000000e+000	2.999923e+000	3.006022e+000	1.278913e-002
2.073913629980532e-007	1.000000e+000	2.999924e+000	3.006062e+000	1.278997e-002
2.074073629980532e-007	1.000000e+000	2.999927e+000	3.006141e+000	1.279163e-002
2.074393629980532e-007	1.000000e+000	2.999932e+000	3.006299e+000	1.279496e-002
2.075033629980533e-007	1.000000e+000	2.999941e+000	3.006616e+000	1.280163e-002
2.076313629980535e-007	1.000000e+000	2.999957e+000	3.007245e+000	1.281496e-002
2.078873629980537e-007	1.000000e+000	2.999983e+000	3.008498e+000	1.284163e-002
2.078883629980537e-007	1.000000e+000	2.999983e+000	3.008503e+000	1.284173e-002
2.078903629980537e-007	1.000000e+000	2.999983e+000	3.008512e+000	1.284194e-002
2.078943629980538e-007	1.000000e+000	2.999984e+000	3.008532e+000	1.284236e-002
2.079023629980538e-007	1.000000e+000	2.999984e+000	3.008571e+000	1.284319e-002
2.079183629980538e-007	1.000000e+000	2.999985e+000	3.008648e+000	1.284486e-002
2.079503629980538e-007	1.000000e+000	2.999987e+000	3.008804e+000	1.284819e-002
2.080143629980539e-007	1.000000e+000	2.999991e+000	3.009113e+000	1.285486e-002
2.081423629980540e-007	1.000000e+000	2.999997e+000	3.009732e+000	1.286819e-002
2.081433629980540e-007	1.000000e+000	2.999997e+000	3.009736e+000	1.286829e-002
2.081453629980540e-007	1.000000e+000	2.999997e+000	3.009746e+000	1.286850e-002
2.081493629980540e-007	1.000000e+000	2.999997e+000	3.009765e+000	1.286892e-002
2.081573629980540e-007	1.000000e+000	2.999997e+000	3.009804e+000	1.286975e-002
2.081733629980541e-007	1.000000e+000	2.999998e+000	3.009881e+000	1.287142e-002
2.082053629980541e-007	1.000000e+000	2.999999e+000	3.010034e+000	1.287475e-002
2.082693629980542e-007	1.000000e+000	3.000000e+000	3.010341e+000	1.288141e-002
2.082703629980542e-007	1.000000e+000	3.000000e+000	3.010346e+000	1.288152e-002
2.082723629980542e-007	1.000000e+000	3.000000e+000	3.010355e+000	1.288173e-002
2.082763629980542e-007	1.000000e+000	3.000000e+000	3.010375e+000	1.288214e-002
2.082843629980542e-007	1.000000e+000	3.000000e+000	3.010413e+000	1.288298e-002
2.083003629980542e-007	1.000000e+000	3.000000e+000	3.010489e+000	1.288464e-002
2.083023333333330e-007	1.000000e+000	3.000000e+000	3.010499e+000	1.288485e-002
2.083062740038905e-007	1.000000e+000	3.000000e+000	3.010518e+000	1.288526e-002
2.083141553450054e-007	1.000000e+000	3.000000e+000	3.010556e+000	1.288608e-002
2.083185706511030e-007	1.000000e+000	3.000000e+000	3.010576e+000	1.288654e-002
2.083255027211379e-007	1.000000e+000	3.000000e+000	3.010610e+000	1.288726e-002
2.083265027211379e-007	1.000000e+000	3.000000e+000	3.010614e+000	1.288737e-002
2.083285027211379e-007	1.000000e+000	3.000000e+000	3.010624e+000	1.288757e-002
2.083303333333330e-007	1.000000e+000	3.000000e+000	3.010633e+000	1.288776e-002
2.083316721089428e-007	1.000000e+000	3.000000e+000	3.010639e+000	1.288790e-002
2.083326721089428e-007	1.000000e+000	3.000000e+000	3.010644e+000	1.288801e-002
2.083336721089428e-007	1.000000e+000	3.000000e+000	3.010649e+000	1.288811e-002
2.083343333333330e-007	1.000000e+000	3.000000e+000	3.010652e+000	1.288818e-002
2.083344333333330e-007	9.000000e-001	3.000000e+000	3.010652e+000	1.288819e-002
2.083346333333330e-007	7.000000e-001	3.000000e+000	3.010649e+000	1.288821e-002
2.083350333333330e-007	3.000000e-001	3.000000e+000	3.010625e+000	1.288823e-002
2.083353333333330e-007	0.000000e+000	3.000000e+000	3.010596e+000	1.288823e-002
2.083354133333330e-007	0.000000e+000	3.000000e+000	3.010587e+000	1.288823e-002
2.083355733333330e-007	0.000000e+000	3.000000e+000	3.010569e+000	1.288823e-002
2.083358933333330e-007	0.000000e+000	3.000000e+000	3.010533e+000	1.288823e-002
2.083365333333330e-007	0.000000e+000	3.000000e+000	3.010460e+000	1.288823e-002
2.083378133333330e-007	0.000000e+000	3.000000e+000	3.010316e+000	1.288823e-002
2.083403733333330e-007	0.000000e+000	3.000000e+000	3.010026e+000	1.288823e-002
2.083454933333330e-007	0.000000e+000	3.000000e+000	3.009448e+000	1.288823e-002
2.083557333333330e-007	0.000000e+000	3.000000e+000	3.008291e+000	1.288823e-002
2.083762133333330e-007	0.000000e+000	3.000000e+000	3.005980e+000	1.288823e-002
2.084171733333331e-007	0.000000e+000	2.999999e+000	3.001365e+000	1.288823e-002
2.084990933333332e-007	0.000000e+000	2.999997e+000	2.992160e+000	1.288823e-002
2.086629333333333e-007	0.000000e+000	2.999988e+000	2.973857e+000	1.288823e-002
2.089906133333337e-007	0.000000e+000	2.999954e+000	2.937670e+000	1.288823e-002
2.096459733333345e-007	0.000000e+000	2.999816e+000	2.866934e+000	1.288823e-002
2.109566933333360e-007	0.000000e+000	2.999267e+000	2.731727e+000	1.288823e-002
2.135781333333389e-007	0.000000e+000	2.997069e+000	2.484251e+000	1.288823e-002
2.188210133333449e-007	0.000000e+000	2.988666e+000	2.061765e+000	1.288824e-002
2.276236992013579e-007	0.000000e+000	2.964561e+000	1.502162e+000	1.288824e-002
2.377682625936217e-007	0.000000e+000	2.922207e+000	1.029451e+000	1.288824e-002
2.477581584232287e-007	0.000000e+000	2.864123e+000	7.080326e-001	1.288825e-002
2.583480537264148e-007	0.000000e+000	2.784996e+000	4.771622e-001	1.288825e-002
2.683790264018032e-007	0.000000e+000	2.693761e+000	3.290906e-001	1.288825e-002
2.787968069226403e-007	0.000000e+000	2.582592e+000	2.254835e-001	1.288826e-002
2.889375665733399e-007	0.000000e+000	2.459091e+000	1.572367e-001	1.288826e-002
2.994517010762897e-007	0.000000e+000	2.315830e+000	1.096124e-001	1.288826e-002
3.098274687181414e-007	0.000000e+000	2.160211e+000	7.800078e-002	1.288827e-002
3.205655143039430e-007	0.000000e+000	1.985207e+000	5.616182e-002	1.288827e-002
3.313427145685396e-007	0.000000e+000	1.796486e+000	4.160067e-002	1.288827e-002
3.426039552000738e-007	0.000000e+000	1.586599e+000	3.161346e-002	1.288828e-002
3.541876882168175e-007	0.000000e+000	1.358786e+000	2.495638e-002	1.288828e-002
3.665638035495723e-007	0.000000e+000	1.103984e+000	2.044865e-002	1.288828e-002
3.797591919714859e-007	0.000000e+000	8.218637e-001	1.748621e-002	1.288828e-002
3.943929429073487e-007	0.000000e+000	5.007618e-001	1.541872e-002	1.288829e-002
4.002796097932390e-007	0.000000e+000	3.695778e-001	1.485955e-002	1.288829e-002
4.048933328948864e-007	0.000000e+000	2.659099e-001	1.453559e-002	1.288829e-002
4.074392204633722e-007	0.000000e+000	2.085222e-001	1.438402e-002	1.288829e-002
4.115748915296953e-007	0.000000e+000	1.151126e-001	1.417300e-002	1.288829e-002
4.166666666666670e-007	0.000000e+000	-6.293944e-015	1.394083e-002	1.288829e-002
4.166667666666670e-007	1.000000e-001	-2.261947e-006	1.394083e-002	1.288829e-002
4.166669666666670e-007	3.000000e-001	-6.785840e-006	1.394216e-002	1.288829e-002
4.166673666666669e-007	7.000000e-001	-1.583363e-005	1.395068e-002	1.288830e-002
4.166676666666670e-007	1.000000e+000	-2.261947e-005	1.396126e-002	1.288831e-002
4.174166380952194e-007	1.000000e+000	-1.696536e-002	4.483760e-002	1.291621e-002
4.181656095237719e-007	1.000000e+000	-3.390488e-002	7.421251e-002	1.294358e-002
4.189145809523243e-007	1.000000e+000	-5.084117e-002	1.020860e-001	1.297042e-002
4.196635523808768e-007	1.000000e+000	-6.777423e-002	1.284580e-001	1.299673e-002
4.204125238094292e-007	1.000000e+000	-8.470406e-002	1.533287e-001	1.302250e-002
4.211614952379817e-007	1.000000e+000	-1.016307e-001	1.766979e-001	1.304774e-002
4.219104666665341e-007	1.000000e+000	-1.185540e-001	1.985657e-001	1.307244e-002
4.271533466664013e-007	1.000000e+000	-2.368021e-001	3.231296e-001	1.323143e-002
4.351672949103436e-007	1.000000e+000	-4.166932e-001	4.305516e-001	1.342746e-002
4.439964141605083e-007	1.000000e+000	-6.131817e-001	4.473310e-001	1.356812e-002
4.523209873054553e-007	1.000000e+000	-7.961932e-001	3.743261e-001	1.361558e-002
4.588954075102113e-007	1.000000e+000	-9.385297e-001	2.608438e-001	1.358282e-002
4.657693771243942e-007	1.000000e+000	-1.084752e+000	1.018404e-001	1.348036e-002
4.726151818865861e-007	1.000000e+000	-1.227507e+000	-8.046500e-002	1.331859e-002
4.794602794407589e-007	1.000000e+000	-1.366667e+000	-2.761012e-001	1.309823e-002
4.885221786389190e-007	1.000000e+000	-1.544290e+000	-5.403959e-001	1.272318e-002
5.017993806541035e-007	1.000000e+000	-1.789504e+000	-9.165179e-001	1.203127e-002
5.209683329523303e-007	1.000000e+000	-2.106002e+000	-1.410721e+000	1.077795e-002
5.505067480342907e-007	1.000000e+000	-2.511379e+000	-2.060121e+000	8.440508e-003
5.767532205231880e-007	1.000000e+000	-2.797447e+000	-2.540429e+000	6.084266e-003
5.828508284053597e-007	1.000000e+000	-2.846753e+000	-2.630539e+000	5.490892e-003
5.950460441697031e-007	1.000000e+000	-2.921006e+000	-2.780375e+000	4.256494e-003
6.006105684713131e-007	1.000000e+000	-2.946817e+000	-2.838405e+000	3.684561e-003
6.117396170745330e-007	1.000000e+000	-2.985018e+000	-2.937289e+000	2.528735e-003
6.117406170745330e-007	1.000000e+000	-2.985020e+000	-2.937297e+000	2.528630e-003
6.117426170745331e-007	1.000000e+000	-2.985025e+000	-2.937312e+000	2.528421e-003
6.117466170745332e-007	1.000000e+000	-2.985034e+000	-2.937341e+000	2.528003e-003
6.117546170745334e-007	1.000000e+000	-2.985052e+000	-2.937400e+000	2.527167e-003
6.117706170745339e-007	1.000000e+000	-2.985088e+000	-2.937519e+000	2.525494e-003
6.118026170745348e-007	1.000000e+000	-2.985160e+000	-2.937755e+000	2.522149e-003
6.118666170745365e-007	1.000000e+000	-2.985303e+000	-2.938227e+000	2.515458e-003
6.119946170745401e-007	1.000000e+000	-2.985587e+000	-2.939167e+000	2.502076e-003
6.122506170745471e-007	1.000000e+000	-2.986144e+000	-2.941035e+000	2.475308e-003
6.137866170745895e-007	1.000000e+000	-2.989195e+000	-2.951881e+000	2.314620e-003
6.158346170746460e-007	1.000000e+000	-2.992483e+000	-2.965386e+000	2.100215e-003
6.199306170747591e-007	1.000000e+000	-2.997809e+000	-2.990870e+000	1.671212e-003
6.199316170747591e-007	1.000000e+000	-2.997810e+000	-2.990876e+000	1.671107e-003
6.199336170747592e-007	1.000000e+000	-2.997812e+000	-2.990887e+000	1.670898e-003
6.199376170747593e-007	1.000000e+000	-2.997815e+000	-2.990910e+000	1.670479e-003
6.199456170747595e-007	1.000000e+000	-2.997822e+000	-2.990956e+000	1.669640e-003
6.199616170747600e-007	1.000000e+000	-2.997836e+000	-2.991047e+000	1.667964e-003
6.199936170747609e-007	1.000000e+000	-2.997863e+000	-2.991229e+000	1.664611e-003
6.200576170747626e-007	1.000000e+000	-2.997917e+000	-2.991591e+000	1.657904e-003
6.201856170747662e-007	1.000000e+000	-2.998022e+000	-2.992314e+000	1.644492e-003
6.204416170747732e-007	1.000000e+000	-2.998223e+000	-2.993746e+000	1.617666e-003
6.219776170748156e-007	1.000000e+000	-2.999178e+000	-3.002045e+000	1.456716e-003
6.230502341497443e-007	1.000000e+000	-2.999675e+000	-3.007636e+000	1.344327e-003
6.236336390485496e-007	1.000000e+000	-2.999831e+000	-3.010542e+000	1.283206e-003
6.242231268015929e-007	1.000000e+000	-2.999949e+000	-3.013431e+000	1.221451e-003
6.242241268015930e-007	1.000000e+000	-2.999949e+000	-3.013436e+000	1.221346e-003
6.242261268015930e-007	1.000000e+000	-2.999949e+000	-3.013446e+000	1.221137e-003
6.242301268015931e-007	1.000000e+000	-2.999949e+000	-3.013465e+000	1.220718e-003
6.242381268015934e-007	1.000000e+000	-2.999950e+000	-3.013504e+000	1.219880e-003
6.242541268015938e-007	1.000000e+000	-2.999953e+000	-3.013581e+000	1.218204e-003
6.242861268015947e-007	1.000000e+000	-2.999957e+000	-3.013734e+000	1.214852e-003
6.243501268015964e-007	1.000000e+000	-2.999964e+000	-3.014041e+000	1.208147e-003
6.244781268016000e-007	1.000000e+000	-2.999975e+000	-3.014652e+000	1.194740e-003
6.247341268016070e-007	1.000000e+000	-2.999994e+000	-3.015869e+000	1.167925e-003
6.247351268016071e-007	1.000000e+000	-2.999994e+000	-3.015874e+000	1.167820e-003
6.247371268016071e-007	1.000000e+000	-2.999994e+000	-3.015883e+000	1.167611e-003
6.247411268016072e-007	1.000000e+000	-2.999994e+000	-3.015902e+000	1.167192e-003
6.247491268016075e-007	1.000000e+000	-2.999995e+000	-3.015940e+000	1.166354e-003
6.247651268016079e-007	1.000000e+000	-2.999995e+000	-3.016015e+000	1.164678e-003
6.247971268016088e-007	1.000000e+000	-2.999996e+000	-3.016166e+000	1.161326e-003
6.248611268016106e-007	1.000000e+000	-2.999998e+000	-3.016467e+000	1.154623e-003
6.248729999999964e-007	1.000000e+000	-2.999999e+000	-3.016522e+000	1.153379e-003
6.248967463967682e-007	1.000000e+000	-2.999999e+000	-3.016634e+000	1.150892e-003
6.249442391903118e-007	1.000000e+000	-3.000000e+000	-3.016856e+000	1.145918e-003
6.249452391903118e-007	1.000000e+000	-3.000000e+000	-3.016861e+000	1.145813e-003
6.249472391903119e-007	1.000000e+000	-3.000000e+000	-3.016870e+000	1.145604e-003
6.249512391903120e-007	1.000000e+000	-3.000000e+000	-3.016889e+000	1.145185e-003
6.249592391903122e-007	1.000000e+000	-3.000000e+000	-3.016926e+000	1.144347e-003
6.249752391903127e-007	1.000000e+000	-3.000000e+000	-3.017001e+000	1.142671e-003
6.249762391903127e-007	1.000000e+000	-3.000000e+000	-3.017006e+000	1.142566e-003
6.249782391903127e-007	1.000000e+000	-3.000000e+000	-3.017015e+000	1.142357e-003
6.249822391903128e-007	1.000000e+000	-3.000000e+000	-3.017034e+000	1.141938e-003
6.249902391903131e-007	1.000000e+000	-3.000000e+000	-3.017071e+000	1.141100e-003
6.249932391903132e-007	1.000000e+000	-3.000000e+000	-3.017085e+000	1.140786e-003
6.249972391903133e-007	1.000000e+000	-3.000000e+000	-3.017104e+000	1.140367e-003
6.249982391903133e-007	1.000000e+000	-3.000000e+000	-3.017108e+000	1.140262e-003
6.249992391903133e-007	1.000000e+000	-3.000000e+000	-3.017113e+000	1.140158e-003
6.250002391903133e-007	1.000000e+000	-3.000000e+000	-3.017118e+000	1.140053e-003
6.250010000000000e-007	1.000000e+000	-3.000000e+000	-3.017121e+000	1.139973e-003
6.250011000000000e-007	9.000000e-001	-3.000000e+000	-3.017122e+000	1.139963e-003
6.250013000000000e-007	7.000000e-001	-3.000000e+000	-3.017118e+000	1.139946e-003
6.250017000000000e-007	3.000000e-001	-3.000000e+000	-3.017094e+000	1.139927e-003
6.250020000000000e-007	0.000000e+000	-3.000000e+000	-3.017065e+000	1.139922e-003
6.250020800000000e-007	0.000000e+000	-3.000000e+000	-3.017056e+000	1.139922e-003
6.250022400000000e-007	0.000000e+000	-3.000000e+000	-3.017038e+000	1.139922e-003
6.250025600000000e-007	0.000000e+000	-3.000000e+000	-3.017001e+000	1.139922e-003
6.250032000000000e-007	0.000000e+000	-3.000000e+000	-3.016928e+000	1.139922e-003
6.250044800000000e-007	0.000000e+000	-3.000000e+000	-3.016783e+000	1.139922e-003
6.250070400000001e-007	0.000000e+000	-3.000000e+000	-3.016491e+000	1.139922e-003
6.250121600000002e-007	0.000000e+000	-3.000000e+000	-3.015909e+000	1.139922e-003
6.250224000000005e-007	0.000000e+000	-3.000000e+000	-3.014745e+000	1.139922e-003
6.250428800000011e-007	0.000000e+000	-3.000000e+000	-3.012418e+000	1.139922e-003
6.250838400000022e-007	0.000000e+000	-2.999999e+000	-3.007771e+000	1.139922e-003
6.251657600000045e-007	0.000000e+000	-2.999997e+000	-2.998503e+000	1.139922e-003
6.253296000000090e-007	0.000000e+000	-2.999988e+000	-2.980075e+000	1.139922e-003
6.256572800000180e-007	0.000000e+000	-2.999954e+000	-2.943640e+000	1.139922e-003
6.263126400000362e-007	0.000000e+000	-2.999816e+000	-2.872421e+000	1.139922e-003
6.276233600000724e-007	0.000000e+000	-2.999267e+000	-2.736289e+000	1.139922e-003
6.302448000001447e-007	0.000000e+000	-2.997069e+000	-2.487122e+000	1.139921e-003
6.354876800002895e-007	0.000000e+000	-2.988674e+000	-2.061634e+000	1.139919e-003
6.442542447326733e-007	0.000000e+000	-2.964711e+000	-1.500016e+000	1.139916e-003
6.543533805038486e-007	0.000000e+000	-2.922653e+000	-1.025264e+000	1.139913e-003
6.642912018792994e-007	0.000000e+000	-2.865044e+000	-7.021624e-001	1.139909e-003
6.748395080684387e-007	0.000000e+000	-2.786499e+000	-4.693149e-001	1.139906e-003
6.847928377854611e-007	0.000000e+000	-2.696327e+000	-3.201682e-001	1.139902e-003
6.950999550859485e-007	0.000000e+000	-2.586847e+000	-2.157526e-001	1.139899e-003
7.050718718197522e-007	0.000000e+000	-2.466085e+000	-1.470311e-001	1.139896e-003
7.153392053923521e-007	0.000000e+000	-2.327156e+000	-9.903750e-002	1.139892e-003
7.253570452215667e-007	0.000000e+000	-2.178203e+000	-6.717924e-002	1.139889e-003
7.355622505578328e-007	0.000000e+000	-2.013672e+000	-4.514958e-002	1.139886e-003
7.455736404343921e-007	0.000000e+000	-1.840706e+000	-3.043892e-002	1.139883e-003
7.556991009828623e-007	0.000000e+000	-1.655093e+000	-2.031924e-002	1.139880e-003
7.656591677573108e-007	0.000000e+000	-1.463118e+000	-1.352860e-002	1.139878e-003
7.756543357890643e-007	0.000000e+000	-1.262168e+000	-8.875961e-003	1.139875e-003
7.854668494603938e-007	0.000000e+000	-1.057924e+000	-5.744320e-003	1.139873e-003
7.952026711926444e-007	0.000000e+000	-8.495471e-001	-3.605891e-003	1.139871e-003
8.046619632466333e-007	0.000000e+000	-6.426958e-001	-2.164828e-003	1.139869e-003
8.138352987034586e-007	0.000000e+000	-4.389496e-001	-1.185729e-003	1.139868e-003
8.224615414515254e-007	0.000000e+000	-2.455319e-001	-5.060345e-004	1.139867e-003
8.254937094676109e-007	0.000000e+000	-1.772106e-001	-3.161470e-004	1.139866e-003
8.272689973011630e-007	0.000000e+000	-1.371159e-001	-2.215715e-004	1.139866e-003
8.297837576662299e-007	0.000000e+000	-8.027992e-002	-9.675448e-005	1.139866e-003
8.297897576662301e-007	0.000000e+000	-8.014426e-002	-9.647564e-005	1.139866e-003
8.298137576662307e-007	0.000000e+000	-7.960159e-002	-9.536106e-005	1.139866e-003
8.318297576662864e-007	0.000000e+000	-3.400935e-002	-5.218651e-006	1.139865e-003
8.318327576662864e-007	0.000000e+000	-3.394150e-002	-5.089133e-006	1.139865e-003
8.318447576662868e-007	0.000000e+000	-3.367008e-002	-4.572934e-006	1.139865e-003
8.319567576662899e-007	0.000000e+000	-3.113685e-002	2.309066e-007	1.139865e-003
8.328557576663147e-007	0.000000e+000	-1.080248e-002	3.809494e-005	1.139865e-003
8.328677576663150e-007	0.000000e+000	-1.053105e-002	3.859164e-005	1.139865e-003
8.331077576663216e-007	0.000000e+000	-5.102399e-003	4.847961e-005	1.139865e-003
8.331107576663217e-007	0.000000e+000	-5.034541e-003	4.860269e-005	1.139865e-003
8.331147576663218e-007	0.000000e+000	-4.944063e-003	4.876671e-005	1.139865e-003
8.331227576663221e-007	0.000000e+000	-4.763107e-003	4.909465e-005	1.139865e-003
8.331707576663234e-007	0.000000e+000	-3.677374e-003	5.105970e-005	1.139865e-003
8.332357576663252e-007	0.000000e+000	-2.207109e-003	5.371684e-005	1.139865e-003
8.332417576663253e-007	0.000000e+000	-2.071393e-003	5.396170e-005	1.139865e-003
8.332987576663269e-007	0.000000e+000	-7.820831e-004	5.628526e-005	1.139865e-003
8.333007576663270e-007	0.000000e+000	-7.368442e-004	5.636669e-005	1.139865e-003
8.333173333333335e-007	0.000000e+000	-3.619115e-004	5.704139e-005	1.139865e-003
8.333241819993215e-007	0.000000e+000	-2.069983e-004	5.732005e-005	1.139865e-003
8.333251819993215e-007	0.000000e+000	-1.843788e-004	5.736073e-005	1.139865e-003
8.333271819993216e-007	0.000000e+000	-1.391399e-004	5.744208e-005	1.139865e-003
8.333293333333339e-007	0.000000e+000	-9.047787e-005	5.752959e-005	1.139865e-003
8.333303333333339e-007	0.000000e+000	-6.785840e-005	5.757027e-005	1.139865e-003
8.333313333333339e-007	0.000000e+000	-4.523894e-005	5.761094e-005	1.139865e-003
8.333323333333339e-007	0.000000e+000	-2.261947e-005	5.765161e-005	1.139865e-003
8.333333333333340e-007	0.000000e+000	1.258789e-014	5.769228e-005	1.139865e-003
8.333334333333340e-007	1.000000e-001	2.261947e-006	5.769631e-005	1.139865e-003
8.333336333333340e-007	3.000000e-001	6.785840e-006	5.768329e-005	1.139865e-003
8.333338221678714e-007	4.888345e-001	1.105718e-005	5.667984e-005	1.139864e-003
8.333340173378427e-007	6.840045e-001	1.547182e-005	5.264017e-005	1.139861e-003
8.333342198431305e-007	8.865098e-001	2.005238e-005	4.526391e-005	1.139854e-003
8.333343333333340e-007	1.000000e+000	2.261947e-005	4.044470e-005	1.139850e-003
8.333358087290023e-007	1.000000e+000	5.599213e-005	-2.301894e-005	1.139794e-003
8.333372841246707e-007	1.000000e+000	8.936480e-005	-8.647590e-005	1.139738e-003
8.333387595203390e-007	1.000000e+000	1.227375e-004	-1.499262e-004	1.139681e-003
8.333402349160073e-007	1.000000e+000	1.561101e-004	-2.133697e-004	1.139625e-003
8.333417103116757e-007	1.000000e+000	1.894828e-004	-2.768066e-004	1.139569e-003
8.333431857073441e-007	1.000000e+000	2.228555e-004	-3.402368e-004	1.139513e-003
8.333446611030124e-007	1.000000e+000	2.562281e-004	-4.036603e-004	1.139457e-003
8.337223623941062e-007	1.000000e+000	8.799810e-003	-1.640788e-002	1.125146e-003
8.341000636851999e-007	1.000000e+000	1.734297e-002	-3.200258e-002	1.110969e-003
8.344777649762937e-007	1.000000e+000	2.588572e-002	-4.718777e-002	1.096926e-003
8.348554662673875e-007	1.000000e+000	3.442805e-002	-6.196344e-002	1.083016e-003
8.352331675584813e-007	1.000000e+000	4.296996e-002	-7.632959e-002	1.069240e-003
8.356108688495750e-007	1.000000e+000	5.151145e-002	-9.028622e-002	1.055598e-003
8.359885701406688e-007	1.000000e+000	6.005252e-002	-1.038333e-001	1.042089e-003
8.386428474490613e-007	1.000000e+000	1.200383e-001	-1.889792e-001	9.510378e-004
8.439514020658461e-007	1.000000e+000	2.397650e-001	-3.167111e-001	7.876496e-004
8.518082998446267e-007	1.000000e+000	4.161182e-001	-4.238800e-001	5.919271e-004
8.607809776466562e-007	1.000000e+000	6.157624e-001	-4.420467e-001	4.454261e-004
8.693080976299751e-007	1.000000e+000	8.031557e-001	-3.677024e-001	3.939903e-004
8.759209186339540e-007	1.000000e+000	9.462163e-001	-2.530958e-001	4.258152e-004
8.829077444892180e-007	1.000000e+000	1.094670e+000	-9.067195e-002	5.295879e-004
8.897876670504697e-007	1.000000e+000	1.237921e+000	9.314256e-002	6.921043e-004
8.966683219455425e-007	1.000000e+000	1.377504e+000	2.901321e-001	9.141143e-004
9.059755771669377e-007	1.000000e+000	1.559369e+000	5.614937e-001	1.300699e-003
9.194531732125808e-007	1.000000e+000	1.807004e+000	9.420679e-001	2.006699e-003
9.390860182657199e-007	1.000000e+000	2.128040e+000	1.444423e+000	3.298559e-003
9.692864128579445e-007	1.000000e+000	2.532452e+000	2.095787e+000	5.709382e-003
9.983395402472831e-007	1.000000e+000	2.836664e+000	2.611844e+000	8.335917e-003
1.002426059485411e-006	1.000000e+000	2.868283e+000	2.670450e+000	8.734410e-003
1.010599097961667e-006	1.000000e+000	2.912508e+000	2.763875e+000	9.563936e-003
1.026945174914180e-006	1.000000e+000	2.981538e+000	2.925865e+000	1.124213e-002
1.026946174914180e-006	1.000000e+000	2.981541e+000	2.925874e+000	1.124224e-002
1.026948174914180e-006	1.000000e+000	2.981546e+000	2.925889e+000	1.124245e-002
1.026952174914180e-006	1.000000e+000	2.981556e+000	2.925920e+000	1.124286e-002
1.026960174914180e-006	1.000000e+000	2.981576e+000	2.925982e+000	1.124369e-002
1.026976174914181e-006	1.000000e+000	2.981616e+000	2.926105e+000	1.124536e-002
1.027008174914181e-006	1.000000e+000	2.981696e+000	2.926352e+000	1.124869e-002
1.027072174914183e-006	1.000000e+000	2.981855e+000	2.926845e+000	1.125534e-002
1.027200174914187e-006	1.000000e+000	2.982170e+000	2.927828e+000	1.126865e-002
1.027456174914194e-006	1.000000e+000	2.982791e+000	2.929780e+000	1.129528e-002
1.027968174914208e-006	1.000000e+000	2.983991e+000	2.933633e+000	1.134855e-002
1.031040174914293e-006	1.000000e+000	2.990019e+000	2.955302e+000	1.166851e-002
1.035136174914406e-006	1.000000e+000	2.996364e+000	2.982108e+000	1.209550e-002
1.035137174914406e-006	1.000000e+000	2.996365e+000	2.982114e+000	1.209560e-002
1.035139174914406e-006	1.000000e+000	2.996367e+000	2.982126e+000	1.209581e-002
1.035143174914406e-006	1.000000e+000	2.996372e+000	2.982150e+000	1.209623e-002
1.035151174914406e-006	1.000000e+000	2.996381e+000	2.982198e+000	1.209706e-002
1.035167174914407e-006	1.000000e+000	2.996398e+000	2.982295e+000	1.209873e-002
1.035199174914408e-006	1.000000e+000	2.996434e+000	2.982486e+000	1.210207e-002
1.035263174914409e-006	1.000000e+000	2.996504e+000	2.982870e+000	1.210875e-002
1.035391174914413e-006	1.000000e+000	2.996641e+000	2.983633e+000	1.212210e-002
1.035647174914420e-006	1.000000e+000	2.996905e+000	2.985147e+000	1.214880e-002
1.036159174914434e-006	1.000000e+000	2.997391e+000	2.988123e+000	1.220222e-002
1.037183174914462e-006	1.000000e+000	2.998197e+000	2.993875e+000	1.230905e-002
1.039231174914519e-006	1.000000e+000	2.999494e+000	3.005004e+000	1.252272e-002
1.039232174914519e-006	1.000000e+000	2.999495e+000	3.005010e+000	1.252282e-002
1.039234174914519e-006	1.000000e+000	2.999496e+000	3.005020e+000	1.252303e-002
1.039238174914519e-006	1.000000e+000	2.999497e+000	3.005041e+000	1.252345e-002
1.039246174914519e-006	1.000000e+000	2.999501e+000	3.005082e+000	1.252428e-002
1.039262174914520e-006	1.000000e+000	2.999507e+000	3.005165e+000	1.252595e-002
1.039294174914521e-006	1.000000e+000	2.999520e+000	3.005330e+000	1.252929e-002
1.039358174914522e-006	1.000000e+000	2.999545e+000	3.005660e+000	1.253597e-002
1.039486174914526e-006	1.000000e+000	2.999593e+000	3.006315e+000	1.254932e-002
1.039742174914533e-006	1.000000e+000	2.999679e+000	3.007615e+000	1.257603e-002
1.040888683162484e-006	1.000000e+000	2.999945e+000	3.013298e+000	1.269562e-002
1.041177633674977e-006	1.000000e+000	2.999979e+000	3.014691e+000	1.272576e-002
1.041178633674977e-006	1.000000e+000	2.999980e+000	3.014696e+000	1.272586e-002
1.041180633674977e-006	1.000000e+000	2.999980e+000	3.014705e+000	1.272607e-002
1.041184633674977e-006	1.000000e+000	2.999980e+000	3.014724e+000	1.272648e-002
1.041192633674978e-006	1.000000e+000	2.999981e+000	3.014762e+000	1.272732e-002
1.041208633674978e-006	1.000000e+000	2.999982e+000	3.014839e+000	1.272899e-002
1.041240633674979e-006	1.000000e+000	2.999985e+000	3.014992e+000	1.273233e-002
1.041304633674981e-006	1.000000e+000	2.999989e+000	3.015296e+000	1.273900e-002
1.041432633674984e-006	1.000000e+000	2.999995e+000	3.015903e+000	1.275235e-002
1.041433633674984e-006	1.000000e+000	2.999995e+000	3.015908e+000	1.275245e-002
1.041435633674984e-006	1.000000e+000	2.999995e+000	3.015917e+000	1.275266e-002
1.041439633674984e-006	1.000000e+000	2.999996e+000	3.015936e+000	1.275308e-002
1.041447633674985e-006	1.000000e+000	2.999996e+000	3.015974e+000	1.275391e-002
1.041463633674985e-006	1.000000e+000	2.999996e+000	3.016050e+000	1.275558e-002
1.041495633674986e-006	1.000000e+000	2.999997e+000	3.016201e+000	1.275892e-002
1.041559633674988e-006	1.000000e+000	2.999999e+000	3.016502e+000	1.276559e-002
1.041560633674988e-006	1.000000e+000	2.999999e+000	3.016507e+000	1.276570e-002
1.041562633674988e-006	1.000000e+000	2.999999e+000	3.016516e+000	1.276591e-002
1.041566633674988e-006	1.000000e+000	2.999999e+000	3.016535e+000	1.276632e-002
1.041574633674988e-006	1.000000e+000	2.999999e+000	3.016573e+000	1.276716e-002
1.041590633674989e-006	1.000000e+000	3.000000e+000	3.016648e+000	1.276883e-002
1.041622633674990e-006	1.000000e+000	3.000000e+000	3.016798e+000	1.277216e-002
1.041623633674990e-006	1.000000e+000	3.000000e+000	3.016803e+000	1.277227e-002
1.041625633674990e-006	1.000000e+000	3.000000e+000	3.016812e+000	1.277248e-002
1.041629633674990e-006	1.000000e+000	3.000000e+000	3.016831e+000	1.277289e-002
1.041637633674990e-006	1.000000e+000	3.000000e+000	3.016868e+000	1.277373e-002
1.041651666666667e-006	1.000000e+000	3.000000e+000	3.016934e+000	1.277519e-002
1.041652666666667e-006	1.000000e+000	3.000000e+000	3.016939e+000	1.277530e-002
1.041654666666667e-006	1.000000e+000	3.000000e+000	3.016948e+000	1.277550e-002
1.041658666666667e-006	1.000000e+000	3.000000e+000	3.016967e+000	1.277592e-002
1.041659666666667e-006	1.000000e+000	3.000000e+000	3.016972e+000	1.277603e-002
1.041661666666667e-006	1.000000e+000	3.000000e+000	3.016981e+000	1.277623e-002
1.041663666666667e-006	1.000000e+000	3.000000e+000	3.016990e+000	1.277644e-002
1.041664666666667e-006	1.000000e+000	3.000000e+000	3.016995e+000	1.277655e-002
1.041665666666667e-006	1.000000e+000	3.000000e+000	3.017000e+000	1.277665e-002
1.041666666666667e-006	1.000000e+000	3.000000e+000	3.017004e+000	1.277675e-002
1.041667666666667e-006	1.000000e+000	3.000000e+000	3.017009e+000	1.277686e-002
1.041667766666667e-006	9.000000e-001	3.000000e+000	3.017009e+000	1.277687e-002
1.041667966666667e-006	7.000000e-001	3.000000e+000	3.017006e+000	1.277689e-002
1.041668366666667e-006	3.000000e-001	3.000000e+000	3.016982e+000	1.277691e-002
1.041668666666667e-006	0.000000e+000	3.000000e+000	3.016953e+000	1.277691e-002
1.041668746666667e-006	0.000000e+000	3.000000e+000	3.016944e+000	1.277691e-002
1.041668906666667e-006	0.000000e+000	3.000000e+000	3.016926e+000	1.277691e-002
1.041669226666667e-006	0.000000e+000	3.000000e+000	3.016890e+000	1.277691e-002
1.041669866666667e-006	0.000000e+000	3.000000e+000	3.016817e+000	1.277691e-002
1.041671146666667e-006	0.000000e+000	3.000000e+000	3.016672e+000	1.277691e-002
1.041673706666667e-006	0.000000e+000	3.000000e+000	3.016382e+000	1.277691e-002
1.041678826666667e-006	0.000000e+000	3.000000e+000	3.015802e+000	1.277691e-002
1.041689066666668e-006	0.000000e+000	3.000000e+000	3.014644e+000	1.277691e-002
1.041709546666668e-006	0.000000e+000	3.000000e+000	3.012328e+000	1.277691e-002
1.041750506666669e-006	0.000000e+000	2.999999e+000	3.007702e+000	1.277691e-002
1.041832426666672e-006	0.000000e+000	2.999997e+000	2.998477e+000	1.277691e-002
1.041996266666676e-006	0.000000e+000	2.999988e+000	2.980135e+000	1.277691e-002
1.042323946666685e-006	0.000000e+000	2.999954e+000	2.943870e+000	1.277691e-002
1.042979306666703e-006	0.000000e+000	2.999816e+000	2.872982e+000	1.277691e-002
1.044290026666739e-006	0.000000e+000	2.999267e+000	2.737483e+000	1.277691e-002
1.046911466666812e-006	0.000000e+000	2.997069e+000	2.489473e+000	1.277691e-002
1.052154346666957e-006	0.000000e+000	2.988672e+000	2.065983e+000	1.277691e-002
1.060927224100413e-006	0.000000e+000	2.964675e+000	1.506754e+000	1.277692e-002
1.071059189158690e-006	0.000000e+000	2.922422e+000	1.033166e+000	1.277692e-002
1.081051817468232e-006	0.000000e+000	2.864383e+000	7.105117e-001	1.277692e-002
1.091645132057688e-006	0.000000e+000	2.785296e+000	4.787149e-001	1.277693e-002
1.101675912172489e-006	0.000000e+000	2.694122e+000	3.301080e-001	1.277693e-002
1.112091602276163e-006	0.000000e+000	2.583034e+000	2.261466e-001	1.277693e-002
1.122230185340775e-006	0.000000e+000	2.459618e+000	1.576632e-001	1.277694e-002
1.132741580493201e-006	0.000000e+000	2.316455e+000	1.098713e-001	1.277694e-002
1.143113584599318e-006	0.000000e+000	2.160953e+000	7.814758e-002	1.277694e-002
1.153845790544412e-006	0.000000e+000	1.986109e+000	5.623120e-002	1.277695e-002
1.164614723616118e-006	0.000000e+000	1.797599e+000	4.161787e-002	1.277695e-002
1.175863754489265e-006	0.000000e+000	1.588014e+000	3.159427e-002	1.277695e-002
1.187430375346865e-006	0.000000e+000	1.360619e+000	2.491195e-002	1.277696e-002
1.199781739832473e-006	0.000000e+000	1.106416e+000	2.038602e-002	1.277696e-002
1.212942661285167e-006	0.000000e+000	8.251266e-001	1.741025e-002	1.277696e-002
1.227527274620484e-006	0.000000e+000	5.051675e-001	1.533634e-002	1.277696e-002
1.233681576497122e-006	0.000000e+000	3.680487e-001	1.474646e-002	1.277696e-002
1.237691396246726e-006	0.000000e+000	2.779471e-001	1.446506e-002	1.277697e-002
1.241983360500792e-006	0.000000e+000	1.812217e-001	1.420426e-002	1.277697e-002
1.241987360500792e-006	0.000000e+000	1.811314e-001	1.420404e-002	1.277697e-002
1.242011360500793e-006	0.000000e+000	1.805895e-001	1.420275e-002	1.277697e-002
1.242592074786523e-006	0.000000e+000	1.674745e-001	1.417231e-002	1.277697e-002
1.243172789072254e-006	0.000000e+000	1.543572e-001	1.414239e-002	1.277697e-002
1.243753503357984e-006	0.000000e+000	1.412378e-001	1.411299e-002	1.277697e-002
1.244334217643714e-006	0.000000e+000	1.281161e-001	1.408412e-002	1.277697e-002
1.244914931929444e-006	0.000000e+000	1.149922e-001	1.405577e-002	1.277697e-002
1.245495646215175e-006	0.000000e+000	1.018660e-001	1.402794e-002	1.277697e-002
1.246076360500905e-006	0.000000e+000	8.873769e-002	1.400064e-002	1.277697e-002
1.246078360500905e-006	0.000000e+000	8.869247e-002	1.400055e-002	1.277697e-002
1.246082360500905e-006	0.000000e+000	8.860203e-002	1.400036e-002	1.277697e-002
1.246090360500905e-006	0.000000e+000	8.842116e-002	1.400000e-002	1.277697e-002
1.246138360500907e-006	0.000000e+000	8.733588e-002	1.399779e-002	1.277697e-002
1.246421789072343e-006	0.000000e+000	8.092719e-002	1.398493e-002	1.277697e-002
1.246705217643780e-006	0.000000e+000	7.451824e-002	1.397218e-002	1.277697e-002
1.246988646215216e-006	0.000000e+000	6.810904e-002	1.395954e-002	1.277697e-002
1.247272074786652e-006	0.000000e+000	6.169960e-002	1.394701e-002	1.277697e-002
1.247555503358089e-006	0.000000e+000	5.528991e-002	1.393458e-002	1.277697e-002
1.247838931929525e-006	0.000000e+000	4.887997e-002	1.392226e-002	1.277697e-002
1.248122360500962e-006	0.000000e+000	4.246978e-002	1.391005e-002	1.277697e-002
1.248125360500962e-006	0.000000e+000	4.240194e-002	1.390993e-002	1.277697e-002
1.248129360500962e-006	0.000000e+000	4.231147e-002	1.390976e-002	1.277697e-002
1.248137360500962e-006	0.000000e+000	4.213053e-002	1.390941e-002	1.277697e-002
1.248185360500963e-006	0.000000e+000	4.104490e-002	1.390737e-002	1.277697e-002
1.248633360500976e-006	0.000000e+000	3.091206e-002	1.388855e-002	1.277697e-002
1.249146360500990e-006	0.000000e+000	1.930874e-002	1.386727e-002	1.277697e-002
1.249148360500990e-006	0.000000e+000	1.926350e-002	1.386719e-002	1.277697e-002
1.249152360500990e-006	0.000000e+000	1.917302e-002	1.386703e-002	1.277697e-002
1.249176360500991e-006	0.000000e+000	1.863017e-002	1.386604e-002	1.277697e-002
1.249657360501004e-006	0.000000e+000	7.750314e-003	1.384653e-002	1.277697e-002
1.249659360501004e-006	0.000000e+000	7.705076e-003	1.384645e-002	1.277697e-002
1.249671360501004e-006	0.000000e+000	7.433643e-003	1.384597e-002	1.277697e-002
1.249719360501006e-006	0.000000e+000	6.347911e-003	1.384404e-002	1.277697e-002
1.249783360501007e-006	0.000000e+000	4.900267e-003	1.384148e-002	1.277697e-002
1.249872999999997e-006	0.000000e+000	2.872672e-003	1.383790e-002	1.277697e-002
1.249878999999998e-006	0.000000e+000	2.736955e-003	1.383766e-002	1.277697e-002
1.249902999999998e-006	0.000000e+000	2.194088e-003	1.383670e-002	1.277697e-002
1.249934999999999e-006	0.000000e+000	1.470265e-003	1.383543e-002	1.277697e-002
1.249935999999999e-006	0.000000e+000	1.447646e-003	1.383539e-002	1.277697e-002
1.249937999999999e-006	0.000000e+000	1.402407e-003	1.383531e-002	1.277697e-002
1.249941999999999e-006	0.000000e+000	1.311929e-003	1.383515e-002	1.277697e-002
1.249950000000000e-006	0.000000e+000	1.130973e-003	1.383483e-002	1.277697e-002
1.249968000000000e-006	0.000000e+000	7.238229e-004	1.383412e-002	1.277697e-002
1.249993000000001e-006	0.000000e+000	1.583363e-004	1.383312e-002	1.277697e-002
1.249996000000001e-006	0.000000e+000	9.047787e-005	1.383300e-002	1.277697e-002
1.249998000000001e-006	0.000000e+000	4.523894e-005	1.383293e-002	1.277697e-002
1.249999000000001e-006	0.000000e+000	2.261947e-005	1.383289e-002	1.277697e-002
1.250000000000001e-006	0.000000e+000	-2.021410e-014	1.383285e-002	1.277697e-002
1.250000100000001e-006	1.000000e-001	-2.261947e-006	1.383284e-002	1.277697e-002
1.250000300000001e-006	3.000000e-001	-6.785840e-006	1.383418e-002	1.277697e-002
1.250000700000001e-006	7.000000e-001	-1.583363e-005	1.384270e-002	1.277698e-002
1.250001000000001e-006	1.000000e+000	-2.261947e-005	1.385328e-002	1.277698e-002
1.250749971428593e-006	1.000000e+000	-1.696536e-002	4.473245e-002	1.280489e-002
1.251498942857185e-006	1.000000e+000	-3.390488e-002	7.411011e-002	1.283227e-002
1.252247914285777e-006	1.000000e+000	-5.084117e-002	1.019863e-001	1.285911e-002
1.252996885714370e-006	1.000000e+000	-6.777423e-002	1.283609e-001	1.288541e-002
1.253745857142962e-006	1.000000e+000	-8.470406e-002	1.532341e-001	1.291119e-002
1.254494828571554e-006	1.000000e+000	-1.016307e-001	1.766057e-001	1.293643e-002
1.255243800000146e-006	1.000000e+000	-1.185540e-001	1.984758e-001	1.296114e-002
1.260486680000291e-006	1.000000e+000	-2.368022e-001	3.230577e-001	1.312015e-002
1.268499440384239e-006	1.000000e+000	-4.166665e-001	4.304884e-001	1.331618e-002
1.277329720534440e-006	1.000000e+000	-6.131808e-001	4.472879e-001	1.345689e-002
1.285656680802765e-006	1.000000e+000	-7.962445e-001	3.742714e-001	1.350440e-002
1.292231355359685e-006	1.000000e+000	-9.385858e-001	2.607835e-001	1.347164e-002
1.299106388740471e-006	1.000000e+000	-1.084829e+000	1.017499e-001	1.336917e-002
1.305952499319286e-006	1.000000e+000	-1.227589e+000	-8.056792e-002	1.320740e-002
1.312797919915791e-006	1.000000e+000	-1.366753e+000	-2.762158e-001	1.298702e-002
1.321861797013067e-006	1.000000e+000	-1.544411e+000	-5.405670e-001	1.261188e-002
1.335140651511335e-006	1.000000e+000	-1.789645e+000	-9.167258e-001	1.191985e-002
1.354313332321028e-006	1.000000e+000	-2.106180e+000	-1.410995e+000	1.066622e-002
1.383857090958531e-006	1.000000e+000	-2.511607e+000	-2.060483e+000	8.328333e-003
1.410076410149133e-006	1.000000e+000	-2.797367e+000	-2.540286e+000	5.974563e-003
1.416178205418055e-006	1.000000e+000	-2.846706e+000	-2.630458e+000	5.380797e-003
1.428381795955897e-006	1.000000e+000	-2.921026e+000	-2.780417e+000	4.145615e-003
1.433927152257649e-006	1.000000e+000	-2.946766e+000	-2.838269e+000	3.575683e-003
1.445017864861154e-006	1.000000e+000	-2.984893e+000	-2.936885e+000	2.423904e-003
1.445018864861154e-006	1.000000e+000	-2.984896e+000	-2.936893e+000	2.423800e-003
1.445020864861154e-006	1.000000e+000	-2.984900e+000	-2.936908e+000	2.423591e-003
1.445024864861154e-006	1.000000e+000	-2.984910e+000	-2.936937e+000	2.423172e-003
1.445032864861154e-006	1.000000e+000	-2.984928e+000	-2.936997e+000	2.422336e-003
1.445048864861155e-006	1.000000e+000	-2.984964e+000	-2.937115e+000	2.420664e-003
1.445080864861156e-006	1.000000e+000	-2.985036e+000	-2.937352e+000	2.417319e-003
1.445144864861157e-006	1.000000e+000	-2.985180e+000	-2.937824e+000	2.410628e-003
1.445272864861161e-006	1.000000e+000	-2.985465e+000	-2.938766e+000	2.397247e-003
1.445528864861168e-006	1.000000e+000	-2.986024e+000	-2.940637e+000	2.370481e-003
1.447064864861210e-006	1.000000e+000	-2.989089e+000	-2.951501e+000	2.209803e-003
1.449112864861267e-006	1.000000e+000	-2.992396e+000	-2.965029e+000	1.995409e-003
1.453208864861380e-006	1.000000e+000	-2.997761e+000	-2.990559e+000	1.566426e-003
1.453209864861380e-006	1.000000e+000	-2.997762e+000	-2.990565e+000	1.566321e-003
1.453211864861380e-006	1.000000e+000	-2.997764e+000	-2.990577e+000	1.566111e-003
1.453215864861380e-006	1.000000e+000	-2.997767e+000	-2.990599e+000	1.565692e-003
1.453223864861380e-006	1.000000e+000	-2.997774e+000	-2.990645e+000	1.564854e-003
1.453239864861381e-006	1.000000e+000	-2.997788e+000	-2.990736e+000	1.563177e-003
1.453271864861382e-006	1.000000e+000	-2.997816e+000	-2.990918e+000	1.559824e-003
1.453335864861383e-006	1.000000e+000	-2.997870e+000	-2.991282e+000	1.553118e-003
1.453463864861387e-006	1.000000e+000	-2.997977e+000	-2.992006e+000	1.539706e-003
1.453719864861394e-006	1.000000e+000	-2.998180e+000	-2.993441e+000	1.512882e-003
1.455255864861436e-006	1.000000e+000	-2.999147e+000	-3.001754e+000	1.351937e-003
1.456286333333277e-006	1.000000e+000	-2.999643e+000	-3.007147e+000	1.243967e-003
1.456287333333277e-006	1.000000e+000	-2.999643e+000	-3.007152e+000	1.243863e-003
1.456289333333278e-006	1.000000e+000	-2.999644e+000	-3.007162e+000	1.243653e-003
1.456293333333278e-006	1.000000e+000	-2.999645e+000	-3.007183e+000	1.243234e-003
1.456301333333278e-006	1.000000e+000	-2.999648e+000	-3.007223e+000	1.242396e-003
1.456317333333278e-006	1.000000e+000	-2.999653e+000	-3.007304e+000	1.240720e-003
1.456349333333279e-006	1.000000e+000	-2.999664e+000	-3.007467e+000	1.237367e-003
1.456413333333281e-006	1.000000e+000	-2.999685e+000	-3.007790e+000	1.230662e-003
1.456541333333284e-006	1.000000e+000	-2.999725e+000	-3.008434e+000	1.217252e-003
1.456797333333292e-006	1.000000e+000	-2.999793e+000	-3.009709e+000	1.190432e-003
1.457309333333306e-006	1.000000e+000	-2.999911e+000	-3.012236e+000	1.136795e-003
1.457310333333306e-006	1.000000e+000	-2.999911e+000	-3.012241e+000	1.136690e-003
1.457312333333306e-006	1.000000e+000	-2.999911e+000	-3.012250e+000	1.136481e-003
1.457316333333306e-006	1.000000e+000	-2.999912e+000	-3.012270e+000	1.136062e-003
1.457324333333306e-006	1.000000e+000	-2.999913e+000	-3.012309e+000	1.135224e-003
1.457340333333307e-006	1.000000e+000	-2.999916e+000	-3.012387e+000	1.133548e-003
1.457372333333307e-006	1.000000e+000	-2.999921e+000	-3.012542e+000	1.130196e-003
1.457436333333309e-006	1.000000e+000	-2.999931e+000	-3.012852e+000	1.123492e-003
1.457564333333313e-006	1.000000e+000	-2.999948e+000	-3.013470e+000	1.110084e-003
1.457820333333320e-006	1.000000e+000	-2.999978e+000	-3.014699e+000	1.083269e-003
1.457822333333320e-006	1.000000e+000	-2.999978e+000	-3.014709e+000	1.083059e-003
1.457826333333320e-006	1.000000e+000	-2.999978e+000	-3.014728e+000	1.082640e-003
1.457834333333320e-006	1.000000e+000	-2.999979e+000	-3.014766e+000	1.081802e-003
1.457850333333321e-006	1.000000e+000	-2.999980e+000	-3.014842e+000	1.080126e-003
1.457882333333322e-006	1.000000e+000	-2.999983e+000	-3.014994e+000	1.076775e-003
1.457946333333323e-006	1.000000e+000	-2.999987e+000	-3.015298e+000	1.070071e-003
1.458074333333327e-006	1.000000e+000	-2.999994e+000	-3.015904e+000	1.056665e-003
1.458078333333327e-006	1.000000e+000	-2.999995e+000	-3.015923e+000	1.056246e-003
1.458086333333327e-006	1.000000e+000	-2.999995e+000	-3.015960e+000	1.055408e-003
1.458102333333328e-006	1.000000e+000	-2.999995e+000	-3.016036e+000	1.053732e-003
1.458134333333328e-006	1.000000e+000	-2.999997e+000	-3.016186e+000	1.050380e-003
1.458198333333330e-006	1.000000e+000	-2.999998e+000	-3.016487e+000	1.043677e-003
1.458206333333330e-006	1.000000e+000	-2.999999e+000	-3.016525e+000	1.042839e-003
1.458222333333331e-006	1.000000e+000	-2.999999e+000	-3.016600e+000	1.041164e-003
1.458254333333332e-006	1.000000e+000	-3.000000e+000	-3.016750e+000	1.037812e-003
1.458270333333332e-006	1.000000e+000	-3.000000e+000	-3.016824e+000	1.036136e-003
1.458302333333333e-006	1.000000e+000	-3.000000e+000	-3.016974e+000	1.032785e-003
1.458303333333333e-006	1.000000e+000	-3.000000e+000	-3.016979e+000	1.032680e-003
1.458305333333333e-006	1.000000e+000	-3.000000e+000	-3.016988e+000	1.032471e-003
1.458309333333333e-006	1.000000e+000	-3.000000e+000	-3.017007e+000	1.032052e-003
1.458317333333334e-006	1.000000e+000	-3.000000e+000	-3.017044e+000	1.031214e-003
1.458318333333334e-006	1.000000e+000	-3.000000e+000	-3.017049e+000	1.031109e-003
1.458320333333334e-006	1.000000e+000	-3.000000e+000	-3.017058e+000	1.030900e-003
1.458324333333334e-006	1.000000e+000	-3.000000e+000	-3.017077e+000	1.030481e-003
1.458326333333334e-006	1.000000e+000	-3.000000e+000	-3.017086e+000	1.030271e-003
1.458330333333334e-006	1.000000e+000	-3.000000e+000	-3.017105e+000	1.029852e-003
1.458331333333334e-006	1.000000e+000	-3.000000e+000	-3.017109e+000	1.029748e-003
1.458332333333334e-006	1.000000e+000	-3.000000e+000	-3.017114e+000	1.029643e-003
1.458333333333334e-006	1.000000e+000	-3.000000e+000	-3.017119e+000	1.029538e-003
1.458334333333334e-006	1.000000e+000	-3.000000e+000	-3.017123e+000	1.029433e-003
1.458334433333334e-006	9.000000e-001	-3.000000e+000	-3.017124e+000	1.029423e-003
1.458334633333334e-006	7.000000e-001	-3.000000e+000	-3.017120e+000	1.029406e-003
1.458335033333334e-006	3.000000e-001	-3.000000e+000	-3.017096e+000	1.029387e-003
1.458335333333334e-006	0.000000e+000	-3.000000e+000	-3.017067e+000	1.029383e-003
1.458335413333334e-006	0.000000e+000	-3.000000e+000	-3.017058e+000	1.029383e-003
1.458335573333334e-006	0.000000e+000	-3.000000e+000	-3.017040e+000	1.029383e-003
1.458335893333334e-006	0.000000e+000	-3.000000e+000	-3.017003e+000	1.029383e-003
1.458336533333334e-006	0.000000e+000	-3.000000e+000	-3.016931e+000	1.029383e-003
1.458337813333334e-006	0.000000e+000	-3.000000e+000	-3.016785e+000	1.029383e-003
1.458340373333334e-006	0.000000e+000	-3.000000e+000	-3.016494e+000	1.029383e-003
1.458345493333334e-006	0.000000e+000	-3.000000e+000	-3.015911e+000	1.029383e-003
1.458355733333335e-006	0.000000e+000	-3.000000e+000	-3.014747e+000	1.029383e-003
1.458376213333335e-006	0.000000e+000	-3.000000e+000	-3.012420e+000	1.029383e-003
1.458417173333336e-006	0.000000e+000	-2.999999e+000	-3.007773e+000	1.029383e-003
1.458499093333339e-006	0.000000e+000	-2.999997e+000	-2.998506e+000	1.029383e-003
1.458662933333343e-006	0.000000e+000	-2.999988e+000	-2.980078e+000	1.029383e-003
1.458990613333352e-006	0.000000e+000	-2.999954e+000	-2.943645e+000	1.029383e-003
1.459645973333370e-006	0.000000e+000	-2.999816e+000	-2.872428e+000	1.029382e-003
1.460956693333406e-006	0.000000e+000	-2.999267e+000	-2.736301e+000	1.029382e-003
1.463578133333479e-006	0.000000e+000	-2.997069e+000	-2.487143e+000	1.029381e-003
1.468821013333624e-006	0.000000e+000	-2.988674e+000	-2.061671e+000	1.029379e-003
1.477587542589558e-006	0.000000e+000	-2.964711e+000	-1.500075e+000	1.029377e-003
1.487686903680822e-006	0.000000e+000	-2.922652e+000	-1.025333e+000	1.029373e-003
1.497625169433229e-006	0.000000e+000	-2.865040e+000	-7.022324e-001	1.029370e-003
1.508173843872265e-006	0.000000e+000	-2.786491e+000	-4.693918e-001	1.029366e-003
1.518127790037905e-006	0.000000e+000	-2.696311e+000	-3.202485e-001	1.029363e-003
1.528435768464959e-006	0.000000e+000	-2.586818e+000	-2.158360e-001	1.029359e-003
1.538409011163803e-006	0.000000e+000	-2.466035e+000	-1.471159e-001	1.029356e-003
1.548678296099494e-006	0.000000e+000	-2.327073e+000	-9.912361e-002	1.029353e-003
1.558698977638498e-006	0.000000e+000	-2.178067e+000	-6.726608e-002	1.029350e-003
1.568908441974278e-006	0.000000e+000	-2.013454e+000	-4.523692e-002	1.029346e-003
1.578926005492512e-006	0.000000e+000	-1.840362e+000	-3.052656e-002	1.029344e-003
1.589060746788857e-006	0.000000e+000	-1.654555e+000	-2.040701e-002	1.029341e-003
1.599034316147455e-006	0.000000e+000	-1.462286e+000	-1.361641e-002	1.029338e-003
1.609049775143837e-006	0.000000e+000	-1.260886e+000	-8.963634e-003	1.029336e-003
1.618892048262619e-006	0.000000e+000	-1.055972e+000	-5.831741e-003	1.029334e-003
1.628672742184204e-006	0.000000e+000	-8.465717e-001	-3.692820e-003	1.029332e-003
1.638198797697818e-006	0.000000e+000	-6.381905e-001	-2.250994e-003	1.029330e-003
1.647474349322224e-006	0.000000e+000	-4.321015e-001	-1.270608e-003	1.029328e-003
1.656258045510063e-006	0.000000e+000	-2.351139e-001	-5.836843e-004	1.029327e-003
1.658571093361586e-006	0.000000e+000	-1.829840e-001	-4.412225e-004	1.029327e-003
1.662041570963622e-006	0.000000e+000	-1.045960e-001	-2.575262e-004	1.029326e-003
1.662043570963622e-006	0.000000e+000	-1.045508e-001	-2.574294e-004	1.029326e-003
1.662055570963622e-006	0.000000e+000	-1.042795e-001	-2.568492e-004	1.029326e-003
1.662103570963624e-006	0.000000e+000	-1.031944e-001	-2.545315e-004	1.029326e-003
1.664618666666611e-006	0.000000e+000	-4.632249e-002	-1.389465e-004	1.029326e-003
1.665681858072478e-006	0.000000e+000	-2.227564e-002	-9.295791e-005	1.029326e-003
1.665683858072478e-006	0.000000e+000	-2.223040e-002	-9.287357e-005	1.029326e-003
1.665687858072478e-006	0.000000e+000	-2.213993e-002	-9.270490e-005	1.029326e-003
1.665695858072478e-006	0.000000e+000	-2.195898e-002	-9.236764e-005	1.029326e-003
1.665743858072479e-006	0.000000e+000	-2.087327e-002	-9.034680e-005	1.029326e-003
1.665935858072485e-006	0.000000e+000	-1.653041e-002	-8.230883e-005	1.029326e-003
1.666191858072492e-006	0.000000e+000	-1.073989e-002	-7.165277e-005	1.029326e-003
1.666194858072492e-006	0.000000e+000	-1.067204e-002	-7.152856e-005	1.029326e-003
1.666198858072492e-006	0.000000e+000	-1.058156e-002	-7.136310e-005	1.029326e-003
1.666206858072492e-006	0.000000e+000	-1.040060e-002	-7.103227e-005	1.029326e-003
1.666318858072495e-006	0.000000e+000	-7.867235e-003	-6.641374e-005	1.029326e-003
1.666446858072499e-006	0.000000e+000	-4.971951e-003	-6.115252e-005	1.029326e-003
1.666447858072499e-006	0.000000e+000	-4.949332e-003	-6.111150e-005	1.029326e-003
1.666449858072499e-006	0.000000e+000	-4.904093e-003	-6.102955e-005	1.029326e-003
1.666453858072499e-006	0.000000e+000	-4.813615e-003	-6.086567e-005	1.029326e-003
1.666461858072499e-006	0.000000e+000	-4.632659e-003	-6.053800e-005	1.029326e-003
1.666509858072500e-006	0.000000e+000	-3.546926e-003	-5.857459e-005	1.029326e-003
1.666574858072502e-006	0.000000e+000	-2.076661e-003	-5.591966e-005	1.029326e-003
1.666576858072502e-006	0.000000e+000	-2.031422e-003	-5.583810e-005	1.029326e-003
1.666580858072502e-006	0.000000e+000	-1.940945e-003	-5.567500e-005	1.029326e-003
1.666604858072503e-006	0.000000e+000	-1.398077e-003	-5.469706e-005	1.029326e-003
1.666636858072504e-006	0.000000e+000	-6.742545e-004	-5.339408e-005	1.029326e-003
1.666639858072504e-006	0.000000e+000	-6.063961e-004	-5.327201e-005	1.029326e-003
1.666643858072504e-006	0.000000e+000	-5.159182e-004	-5.310930e-005	1.029326e-003
1.666652858072504e-006	0.000000e+000	-3.123430e-004	-5.274325e-005	1.029326e-003
1.666654858072504e-006	0.000000e+000	-2.671041e-004	-5.266193e-005	1.029326e-003
1.666658858072504e-006	0.000000e+000	-1.766262e-004	-5.249930e-005	1.029326e-003
1.666659858072505e-006	0.000000e+000	-1.540068e-004	-5.245865e-005	1.029326e-003
1.666661858072505e-006	0.000000e+000	-1.087678e-004	-5.237735e-005	1.029326e-003
1.666663666666668e-006	0.000000e+000	-6.785840e-005	-5.230383e-005	1.029326e-003
1.666664666666668e-006	0.000000e+000	-4.523894e-005	-5.226318e-005	1.029326e-003
1.666665666666668e-006	0.000000e+000	-2.261947e-005	-5.222254e-005	1.029326e-003
1.666666666666668e-006	0.000000e+000	2.517578e-014	-5.218189e-005	1.029326e-003
1.666666766666668e-006	1.000000e-001	2.261947e-006	-5.217787e-005	1.029326e-003
1.666666966666668e-006	3.000000e-001	6.785840e-006	-5.219438e-005	1.029326e-003
1.666667159727121e-006	4.930605e-001	1.115277e-005	-5.325888e-005	1.029325e-003
1.666667362166243e-006	6.954996e-001	1.573183e-005	-5.750744e-005	1.029321e-003
1.666667561941546e-006	8.952749e-001	2.025064e-005	-6.483178e-005	1.029314e-003
1.666667666666668e-006	1.000000e+000	2.261947e-005	-6.929241e-005	1.029311e-003
1.667041731651780e-006	1.000000e+000	8.483946e-003	-1.593206e-002	1.015135e-003
1.667415796636892e-006	1.000000e+000	1.694487e-002	-3.139267e-002	1.001090e-003
1.667789861622004e-006	1.000000e+000	2.540539e-002	-4.645111e-002	9.871764e-004
1.668163926607116e-006	1.000000e+000	3.386551e-002	-6.110738e-002	9.733940e-004
1.668537991592227e-006	1.000000e+000	4.232523e-002	-7.536149e-002	9.597426e-004
1.668912056577339e-006	1.000000e+000	5.078454e-002	-8.921344e-002	9.462223e-004
1.669286121562451e-006	1.000000e+000	5.924346e-002	-1.026632e-001	9.328332e-004
1.671904616413295e-006	1.000000e+000	1.184219e-001	-1.869989e-001	8.428816e-004
1.677141606114982e-006	1.000000e+000	2.365414e-001	-3.139041e-001	6.812856e-004
1.684999391551735e-006	1.000000e+000	4.129336e-001	-4.225463e-001	4.846717e-004
1.693994161396552e-006	1.000000e+000	6.130852e-001	-4.418088e-001	3.371765e-004
1.702737812388099e-006	1.000000e+000	8.052342e-001	-3.657480e-001	2.845251e-004
1.709400440799675e-006	1.000000e+000	9.493409e-001	-2.499047e-001	3.174072e-004
1.716449739525534e-006	1.000000e+000	1.099050e+000	-8.531225e-002	4.237324e-004
1.723354599664698e-006	1.000000e+000	1.242722e+000	9.968295e-002	5.886296e-004
1.730259451747600e-006	1.000000e+000	1.382650e+000	2.976314e-001	8.135000e-004
1.739712203728484e-006	1.000000e+000	1.567804e+000	5.739680e-001	1.202618e-003
1.750000000000000e-006	1.000000e+000	1.763356e+000	8.732798e-001	1.691502e-003
