time	V(logic)	V(signal_in)	V(signal_out)	V(vc)
0.000000000000000e+000	0.000000e+000	0.000000e+000	0.000000e+000	0.000000e+000
1.000000000000000e-012	1.000000e+000	2.607522e-007	1.163876e-018	6.174562e-021
4.598011184306338e-009	1.000000e+000	1.198942e-003	-1.566114e-006	-9.203909e-009
9.195022368612674e-009	1.000000e+000	2.397622e-003	1.668619e-007	2.146622e-010
1.379203355291901e-008	1.000000e+000	3.596303e-003	5.198929e-006	2.825572e-008
1.838904473722535e-008	1.000000e+000	4.794983e-003	1.353009e-005	7.491925e-008
2.298605592153169e-008	1.000000e+000	5.993663e-003	2.516034e-005	1.402053e-007
2.758306710583803e-008	1.000000e+000	7.192342e-003	4.008968e-005	2.241138e-007
3.218007829014435e-008	1.000000e+000	8.391022e-003	5.831811e-005	3.266447e-007
4.020000479213099e-008	1.000000e+000	1.048223e-002	1.120424e-004	6.359128e-007
5.009978835048495e-008	1.000000e+000	1.306361e-002	2.130218e-004	1.228841e-006
6.261581096507763e-008	1.000000e+000	1.632718e-002	4.063850e-004	2.392369e-006
7.819891286025613e-008	1.000000e+000	2.039048e-002	7.688488e-004	4.641015e-006
9.792989296693878e-008	1.000000e+000	2.553531e-002	1.454262e-003	9.057519e-006
1.227848044636942e-007	1.000000e+000	3.201617e-002	2.730804e-003	1.768379e-005
1.546010832485508e-007	1.000000e+000	4.031210e-002	5.114630e-003	3.478919e-005
1.955983231262278e-007	1.000000e+000	5.100173e-002	9.516051e-003	6.890533e-005
2.497885061931965e-007	1.000000e+000	6.513087e-002	1.764415e-002	1.386553e-004
3.237765980816658e-007	1.000000e+000	8.442097e-002	3.256974e-002	2.861978e-004
4.324618146019582e-007	1.000000e+000	1.127548e-001	5.994714e-002	6.084586e-004
5.571091658114872e-007	1.000000e+000	1.452452e-001	9.561537e-002	1.127878e-003
7.018968961865374e-007	1.000000e+000	1.829771e-001	1.383958e-001	1.929702e-003
8.767984461944025e-007	1.000000e+000	2.285421e-001	1.879066e-001	3.149232e-003
1.072110946194403e-006	1.000000e+000	2.794024e-001	2.397090e-001	4.798993e-003
1.267423446194403e-006	1.000000e+000	3.302343e-001	2.895371e-001	6.748573e-003
1.462735946194403e-006	1.000000e+000	3.810319e-001	3.393287e-001	9.008543e-003
1.658048446194403e-006	1.000000e+000	4.317900e-001	3.898649e-001	1.158332e-002
1.853360946194403e-006	1.000000e+000	4.825033e-001	4.408529e-001	1.447318e-002
2.048673446194403e-006	1.000000e+000	5.331666e-001	4.918059e-001	1.767488e-002
2.243985946194403e-006	1.000000e+000	5.837745e-001	5.425261e-001	2.118446e-002
2.439298446194403e-006	1.000000e+000	6.343219e-001	5.930717e-001	2.499892e-002
2.634610946194403e-006	1.000000e+000	6.848034e-001	6.435510e-001	2.911607e-002
2.829923446194403e-006	1.000000e+000	7.352139e-001	6.940058e-001	3.353387e-002
3.025235946194403e-006	1.000000e+000	7.855482e-001	7.444171e-001	3.825006e-002
3.220548446194404e-006	1.000000e+000	8.358009e-001	7.947528e-001	4.326212e-002
3.415860946194404e-006	1.000000e+000	8.859669e-001	8.449962e-001	4.856753e-002
3.806485946194404e-006	1.000000e+000	9.860181e-001	9.452006e-001	6.004828e-002
4.197110946194403e-006	1.000000e+000	1.085660e+000	1.045018e+000	7.267230e-002
4.587735946194402e-006	1.000000e+000	1.184851e+000	1.144404e+000	8.641928e-002
4.978360946194402e-006	1.000000e+000	1.283551e+000	1.243313e+000	1.012686e-001
5.564298446194401e-006	1.000000e+000	1.430589e+000	1.390697e+000	1.255636e-001
6.150235946194400e-006	1.000000e+000	1.576292e+000	1.536783e+000	1.522202e-001
6.736173446194399e-006	1.000000e+000	1.720523e+000	1.681434e+000	1.811655e-001
7.545325231908686e-006	1.000000e+000	1.917862e+000	1.879417e+000	2.252827e-001
8.354477017622974e-006	1.000000e+000	2.110949e+000	2.073213e+000	2.729079e-001
9.163628803337262e-006	1.000000e+000	2.299785e+000	2.262822e+000	3.240412e-001
9.972780589051549e-006	1.000000e+000	2.484369e+000	2.448244e+000	3.786827e-001
1.078193237476584e-005	1.000000e+000	2.664702e+000	2.629480e+000	4.368322e-001
1.159108416048012e-005	1.000000e+000	2.840784e+000	2.806530e+000	4.984898e-001
1.240023594619441e-005	1.000000e+000	3.012613e+000	2.979392e+000	5.636555e-001
1.354420916048012e-005	1.000000e+000	3.246960e+000	3.215310e+000	6.612885e-001
1.468818237476583e-005	1.000000e+000	3.467929e+000	3.437947e+000	7.622287e-001
1.583215558905154e-005	1.000000e+000	3.675520e+000	3.647303e+000	8.664762e-001
1.697612880333725e-005	1.000000e+000	3.869733e+000	3.843378e+000	9.740309e-001
1.812010201762297e-005	1.000000e+000	4.050569e+000	4.026172e+000	1.084893e+000
1.926407523190868e-005	1.000000e+000	4.218027e+000	4.195684e+000	1.199062e+000
2.040804844619439e-005	1.000000e+000	4.372107e+000	4.351915e+000	1.316538e+000
2.106404166816662e-005	1.000000e+000	4.452688e+000	4.433757e+000	1.383808e+000
2.172003489013885e-005	1.000000e+000	4.527870e+000	4.510218e+000	1.451018e+000
2.237602811211108e-005	1.000000e+000	4.597653e+000	4.581297e+000	1.518168e+000
2.303202133408331e-005	1.000000e+000	4.662035e+000	4.646996e+000	1.585259e+000
2.368801455605554e-005	1.000000e+000	4.721019e+000	4.707313e+000	1.652291e+000
2.434400777802777e-005	1.000000e+000	4.774603e+000	4.762249e+000	1.719264e+000
2.500000100000000e-005	1.000000e+000	4.822787e+000	4.811803e+000	1.786177e+000
2.500000110000000e-005	9.000000e-001	4.822787e+000	4.811803e+000	1.786177e+000
2.500000130000000e-005	7.000000e-001	4.822787e+000	4.811803e+000	1.786178e+000
2.500000170000000e-005	3.000000e-001	4.822787e+000	4.811799e+000	1.786178e+000
2.500000200000000e-005	0.000000e+000	4.822787e+000	4.811794e+000	1.786178e+000
2.500000208000000e-005	0.000000e+000	4.822787e+000	4.811792e+000	1.786178e+000
2.500000224000000e-005	0.000000e+000	4.822787e+000	4.811789e+000	1.786178e+000
2.500000256000000e-005	0.000000e+000	4.822787e+000	4.811783e+000	1.786178e+000
2.500000320000000e-005	0.000000e+000	4.822787e+000	4.811771e+000	1.786178e+000
2.500000448000000e-005	0.000000e+000	4.822787e+000	4.811747e+000	1.786178e+000
2.500000704000000e-005	0.000000e+000	4.822788e+000	4.811698e+000	1.786178e+000
2.500001215999999e-005	0.000000e+000	4.822788e+000	4.811601e+000	1.786178e+000
2.500002239999999e-005	0.000000e+000	4.822789e+000	4.811406e+000	1.786178e+000
2.500004287999997e-005	0.000000e+000	4.822790e+000	4.811017e+000	1.786178e+000
2.500008383999995e-005	0.000000e+000	4.822793e+000	4.810239e+000	1.786178e+000
2.500016575999990e-005	0.000000e+000	4.822799e+000	4.808683e+000	1.786178e+000
2.500032959999980e-005	0.000000e+000	4.822810e+000	4.805575e+000	1.786178e+000
2.500065727999960e-005	0.000000e+000	4.822832e+000	4.799372e+000	1.786178e+000
2.500131263999920e-005	0.000000e+000	4.822877e+000	4.787013e+000	1.786178e+000
2.500524479999681e-005	0.000000e+000	4.823148e+000	4.714170e+000	1.786178e+000
2.501048767999363e-005	0.000000e+000	4.823508e+000	4.620439e+000	1.786178e+000
2.502097343998726e-005	0.000000e+000	4.824226e+000	4.443884e+000	1.786178e+000
2.504194495997451e-005	0.000000e+000	4.825659e+000	4.129628e+000	1.786179e+000
2.508388799994903e-005	0.000000e+000	4.828504e+000	3.615693e+000	1.786180e+000
2.514939156430642e-005	0.000000e+000	4.832900e+000	3.029746e+000	1.786182e+000
2.524207764904436e-005	0.000000e+000	4.839033e+000	2.486660e+000	1.786185e+000
2.532555702047471e-005	0.000000e+000	4.844463e+000	2.195972e+000	1.786188e+000
2.542595631143680e-005	0.000000e+000	4.850868e+000	2.005562e+000	1.786192e+000
2.553039706327623e-005	0.000000e+000	4.857384e+000	1.901121e+000	1.786196e+000
2.566928355652669e-005	0.000000e+000	4.865818e+000	1.836195e+000	1.786201e+000
2.582787390786971e-005	0.000000e+000	4.875134e+000	1.805231e+000	1.786207e+000
2.602318640786971e-005	0.000000e+000	4.886164e+000	1.792296e+000	1.786214e+000
2.641381140786970e-005	0.000000e+000	4.906747e+000	1.787601e+000	1.786228e+000
2.872965962215541e-005	0.000000e+000	4.982939e+000	1.787589e+000	1.786319e+000
3.104550783644110e-005	0.000000e+000	4.989314e+000	1.787583e+000	1.786407e+000
3.336135605072681e-005	0.000000e+000	4.925873e+000	1.787582e+000	1.786493e+000
3.567720426501251e-005	0.000000e+000	4.792616e+000	1.787585e+000	1.786575e+000
3.799305247929821e-005	0.000000e+000	4.589541e+000	1.787594e+000	1.786654e+000
4.030890069358391e-005	0.000000e+000	4.316651e+000	1.787608e+000	1.786729e+000
4.262474890786961e-005	0.000000e+000	3.973944e+000	1.787627e+000	1.786802e+000
4.362921319358389e-005	0.000000e+000	3.808320e+000	1.787606e+000	1.786830e+000
4.463367747929817e-005	0.000000e+000	3.633523e+000	1.787580e+000	1.786855e+000
4.563814176501245e-005	0.000000e+000	3.449554e+000	1.787549e+000	1.786879e+000
4.664260605072673e-005	0.000000e+000	3.256412e+000	1.787512e+000	1.786901e+000
4.764707033644101e-005	0.000000e+000	3.054097e+000	1.787472e+000	1.786920e+000
4.865153462215529e-005	0.000000e+000	2.842610e+000	1.787426e+000	1.786938e+000
4.965599890786957e-005	0.000000e+000	2.621949e+000	1.787375e+000	1.786954e+000
4.980468750000000e-005	0.000000e+000	2.588910e+000	1.787367e+000	1.786956e+000
4.980468850000001e-005	0.000000e+000	2.588910e+000	1.787367e+000	1.786956e+000
4.980469050000001e-005	0.000000e+000	2.588910e+000	1.787367e+000	1.786956e+000
4.980469450000002e-005	0.000000e+000	2.588909e+000	1.787367e+000	1.786956e+000
4.980470250000005e-005	0.000000e+000	2.588907e+000	1.787367e+000	1.786956e+000
4.980471850000009e-005	0.000000e+000	2.588903e+000	1.787367e+000	1.786956e+000
4.980481450000036e-005	0.000000e+000	2.588882e+000	1.787367e+000	1.786956e+000
4.980596650000356e-005	0.000000e+000	2.588625e+000	1.787367e+000	1.786956e+000
4.980711850000676e-005	0.000000e+000	2.588368e+000	1.787367e+000	1.786956e+000
4.980827050000997e-005	0.000000e+000	2.588111e+000	1.787367e+000	1.786956e+000
4.980942250001317e-005	0.000000e+000	2.587854e+000	1.787367e+000	1.786956e+000
4.981057450001637e-005	0.000000e+000	2.587597e+000	1.787367e+000	1.786956e+000
4.981172650001958e-005	0.000000e+000	2.587340e+000	1.787367e+000	1.786956e+000
4.981287850002278e-005	0.000000e+000	2.587083e+000	1.787367e+000	1.786956e+000
4.987022250018222e-005	0.000000e+000	2.574272e+000	1.787363e+000	1.786957e+000
4.993575850036444e-005	0.000000e+000	2.559611e+000	1.787360e+000	1.786958e+000
4.993575950036444e-005	0.000000e+000	2.559611e+000	1.787360e+000	1.786958e+000
4.993576150036445e-005	0.000000e+000	2.559610e+000	1.787360e+000	1.786958e+000
4.993576550036446e-005	0.000000e+000	2.559610e+000	1.787360e+000	1.786958e+000
4.993577350036448e-005	0.000000e+000	2.559608e+000	1.787360e+000	1.786958e+000
4.993578950036453e-005	0.000000e+000	2.559604e+000	1.787360e+000	1.786958e+000
4.993588550036479e-005	0.000000e+000	2.559583e+000	1.787360e+000	1.786958e+000
4.993678150036729e-005	0.000000e+000	2.559382e+000	1.787360e+000	1.786958e+000
4.995214150040999e-005	0.000000e+000	2.555940e+000	1.787359e+000	1.786958e+000
4.996852550045555e-005	0.000000e+000	2.552268e+000	1.787358e+000	1.786958e+000
4.996852650045555e-005	0.000000e+000	2.552268e+000	1.787358e+000	1.786958e+000
4.996852850045556e-005	0.000000e+000	2.552267e+000	1.787358e+000	1.786958e+000
4.996853250045557e-005	0.000000e+000	2.552266e+000	1.787358e+000	1.786958e+000
4.996854050045559e-005	0.000000e+000	2.552264e+000	1.787358e+000	1.786958e+000
4.996855650045564e-005	0.000000e+000	2.552261e+000	1.787358e+000	1.786958e+000
4.996858850045572e-005	0.000000e+000	2.552254e+000	1.787358e+000	1.786958e+000
4.996865250045590e-005	0.000000e+000	2.552239e+000	1.787358e+000	1.786958e+000
4.996954850045839e-005	0.000000e+000	2.552038e+000	1.787358e+000	1.786958e+000
4.997671650047832e-005	0.000000e+000	2.550431e+000	1.787358e+000	1.786958e+000
4.998490850050110e-005	0.000000e+000	2.548594e+000	1.787357e+000	1.786959e+000
4.998490950050110e-005	0.000000e+000	2.548593e+000	1.787357e+000	1.786959e+000
4.998491150050111e-005	0.000000e+000	2.548593e+000	1.787357e+000	1.786959e+000
4.998491550050112e-005	0.000000e+000	2.548592e+000	1.787357e+000	1.786959e+000
4.998492350050114e-005	0.000000e+000	2.548590e+000	1.787357e+000	1.786959e+000
4.998493950050119e-005	0.000000e+000	2.548586e+000	1.787357e+000	1.786959e+000
4.998497150050128e-005	0.000000e+000	2.548579e+000	1.787357e+000	1.786959e+000
4.998503550050145e-005	0.000000e+000	2.548565e+000	1.787357e+000	1.786959e+000
4.998516350050181e-005	0.000000e+000	2.548536e+000	1.787357e+000	1.786959e+000
4.998900350051249e-005	0.000000e+000	2.547675e+000	1.787357e+000	1.786959e+000
4.999309950052388e-005	0.000000e+000	2.546756e+000	1.787357e+000	1.786959e+000
4.999310050052388e-005	0.000000e+000	2.546756e+000	1.787357e+000	1.786959e+000
4.999310250052388e-005	0.000000e+000	2.546755e+000	1.787357e+000	1.786959e+000
4.999310650052390e-005	0.000000e+000	2.546754e+000	1.787357e+000	1.786959e+000
4.999311450052392e-005	0.000000e+000	2.546752e+000	1.787357e+000	1.786959e+000
4.999313050052396e-005	0.000000e+000	2.546749e+000	1.787357e+000	1.786959e+000
4.999322650052423e-005	0.000000e+000	2.546727e+000	1.787357e+000	1.786959e+000
4.999335450052459e-005	0.000000e+000	2.546698e+000	1.787357e+000	1.786959e+000
4.999361050052530e-005	0.000000e+000	2.546641e+000	1.787357e+000	1.786959e+000
4.999514650052957e-005	0.000000e+000	2.546296e+000	1.787357e+000	1.786959e+000
4.999719450053526e-005	0.000000e+000	2.545837e+000	1.787356e+000	1.786959e+000
4.999719550053527e-005	0.000000e+000	2.545836e+000	1.787356e+000	1.786959e+000
4.999719750053527e-005	0.000000e+000	2.545836e+000	1.787356e+000	1.786959e+000
4.999720150053528e-005	0.000000e+000	2.545835e+000	1.787356e+000	1.786959e+000
4.999720950053530e-005	0.000000e+000	2.545833e+000	1.787356e+000	1.786959e+000
4.999722550053535e-005	0.000000e+000	2.545830e+000	1.787356e+000	1.786959e+000
4.999725750053544e-005	0.000000e+000	2.545823e+000	1.787356e+000	1.786959e+000
4.999732150053562e-005	0.000000e+000	2.545808e+000	1.787356e+000	1.786959e+000
4.999744950053597e-005	0.000000e+000	2.545779e+000	1.787356e+000	1.786959e+000
4.999821750053811e-005	0.000000e+000	2.545607e+000	1.787356e+000	1.786959e+000
4.999897599999716e-005	0.000000e+000	2.545437e+000	1.787356e+000	1.786959e+000
4.999897699999716e-005	0.000000e+000	2.545437e+000	1.787356e+000	1.786959e+000
4.999897899999716e-005	0.000000e+000	2.545436e+000	1.787356e+000	1.786959e+000
4.999898299999718e-005	0.000000e+000	2.545435e+000	1.787356e+000	1.786959e+000
4.999899099999720e-005	0.000000e+000	2.545434e+000	1.787356e+000	1.786959e+000
4.999900699999724e-005	0.000000e+000	2.545430e+000	1.787356e+000	1.786959e+000
4.999903899999733e-005	0.000000e+000	2.545423e+000	1.787356e+000	1.786959e+000
4.999910299999751e-005	0.000000e+000	2.545408e+000	1.787356e+000	1.786959e+000
4.999923099999786e-005	0.000000e+000	2.545380e+000	1.787356e+000	1.786959e+000
4.999948699999858e-005	0.000000e+000	2.545322e+000	1.787356e+000	1.786959e+000
4.999948799999858e-005	0.000000e+000	2.545322e+000	1.787356e+000	1.786959e+000
4.999948999999858e-005	0.000000e+000	2.545321e+000	1.787356e+000	1.786959e+000
4.999949399999860e-005	0.000000e+000	2.545321e+000	1.787356e+000	1.786959e+000
4.999950199999862e-005	0.000000e+000	2.545319e+000	1.787356e+000	1.786959e+000
4.999951799999866e-005	0.000000e+000	2.545315e+000	1.787356e+000	1.786959e+000
4.999954999999875e-005	0.000000e+000	2.545308e+000	1.787356e+000	1.786959e+000
4.999961399999893e-005	0.000000e+000	2.545294e+000	1.787356e+000	1.786959e+000
4.999974199999929e-005	0.000000e+000	2.545265e+000	1.787356e+000	1.786959e+000
4.999974399999929e-005	0.000000e+000	2.545264e+000	1.787356e+000	1.786959e+000
4.999974799999930e-005	0.000000e+000	2.545264e+000	1.787356e+000	1.786959e+000
4.999975599999932e-005	0.000000e+000	2.545262e+000	1.787356e+000	1.786959e+000
4.999977199999937e-005	0.000000e+000	2.545258e+000	1.787356e+000	1.786959e+000
4.999980399999946e-005	0.000000e+000	2.545251e+000	1.787356e+000	1.786959e+000
4.999986799999964e-005	0.000000e+000	2.545237e+000	1.787356e+000	1.786959e+000
4.999987199999965e-005	0.000000e+000	2.545236e+000	1.787356e+000	1.786959e+000
4.999987999999967e-005	0.000000e+000	2.545234e+000	1.787356e+000	1.786959e+000
4.999989599999971e-005	0.000000e+000	2.545230e+000	1.787356e+000	1.786959e+000
4.999992799999980e-005	0.000000e+000	2.545223e+000	1.787356e+000	1.786959e+000
4.999993599999982e-005	0.000000e+000	2.545221e+000	1.787356e+000	1.786959e+000
4.999995199999987e-005	0.000000e+000	2.545218e+000	1.787356e+000	1.786959e+000
4.999996799999991e-005	0.000000e+000	2.545214e+000	1.787356e+000	1.786959e+000
4.999996899999992e-005	0.000000e+000	2.545214e+000	1.787356e+000	1.786959e+000
4.999997099999992e-005	0.000000e+000	2.545214e+000	1.787356e+000	1.786959e+000
4.999997499999993e-005	0.000000e+000	2.545213e+000	1.787356e+000	1.786959e+000
4.999998299999996e-005	0.000000e+000	2.545211e+000	1.787356e+000	1.786959e+000
4.999998399999996e-005	0.000000e+000	2.545211e+000	1.787356e+000	1.786959e+000
4.999998599999996e-005	0.000000e+000	2.545210e+000	1.787356e+000	1.786959e+000
4.999998999999998e-005	0.000000e+000	2.545209e+000	1.787356e+000	1.786959e+000
4.999999199999998e-005	0.000000e+000	2.545209e+000	1.787356e+000	1.786959e+000
4.999999599999999e-005	0.000000e+000	2.545208e+000	1.787356e+000	1.786959e+000
4.999999800000000e-005	0.000000e+000	2.545208e+000	1.787356e+000	1.786959e+000
4.999999900000000e-005	0.000000e+000	2.545207e+000	1.787356e+000	1.786959e+000
5.000000000000000e-005	0.000000e+000	2.545207e+000	1.787356e+000	1.786959e+000
5.000000010000000e-005	1.000000e-001	2.545207e+000	1.787356e+000	1.786959e+000
5.000000030000000e-005	3.000000e-001	2.545207e+000	1.787357e+000	1.786959e+000
5.000000070000000e-005	7.000000e-001	2.545207e+000	1.787358e+000	1.786959e+000
5.000000100000001e-005	1.000000e+000	2.545207e+000	1.787361e+000	1.786959e+000
5.000000108000000e-005	1.000000e+000	2.545207e+000	1.787361e+000	1.786959e+000
5.000000124000000e-005	1.000000e+000	2.545207e+000	1.787363e+000	1.786959e+000
5.000000156000000e-005	1.000000e+000	2.545207e+000	1.787365e+000	1.786959e+000
5.000000220000000e-005	1.000000e+000	2.545207e+000	1.787371e+000	1.786959e+000
5.000000348000001e-005	1.000000e+000	2.545206e+000	1.787382e+000	1.786959e+000
5.000000604000002e-005	1.000000e+000	2.545206e+000	1.787403e+000	1.786959e+000
5.000004188000012e-005	1.000000e+000	2.545198e+000	1.787707e+000	1.786961e+000
5.000008284000023e-005	1.000000e+000	2.545188e+000	1.788055e+000	1.786963e+000
5.000032860000092e-005	1.000000e+000	2.545133e+000	1.790138e+000	1.786974e+000
5.001226551431982e-005	1.000000e+000	2.542454e+000	1.885363e+000	1.787511e+000
5.002420242863873e-005	1.000000e+000	2.539773e+000	1.973598e+000	1.788046e+000
5.003613934295763e-005	1.000000e+000	2.537090e+000	2.054842e+000	1.788578e+000
5.004807625727653e-005	1.000000e+000	2.534407e+000	2.129097e+000	1.789108e+000
5.006001317159544e-005	1.000000e+000	2.531722e+000	2.196360e+000	1.789636e+000
5.007195008591434e-005	1.000000e+000	2.529036e+000	2.256633e+000	1.790160e+000
5.008388700023325e-005	1.000000e+000	2.526349e+000	2.309916e+000	1.790683e+000
5.016777308046649e-005	1.000000e+000	2.507440e+000	2.597832e+000	1.794229e+000
5.027656318746846e-005	1.000000e+000	2.482848e+000	2.762961e+000	1.798378e+000
5.041030671040942e-005	1.000000e+000	2.452510e+000	2.748883e+000	1.802568e+000
5.055512667783385e-005	1.000000e+000	2.419531e+000	2.607228e+000	1.806025e+000
5.069911038382483e-005	1.000000e+000	2.386604e+000	2.454644e+000	1.808669e+000
5.086169453582619e-005	1.000000e+000	2.349253e+000	2.346835e+000	1.811257e+000
5.105700703582619e-005	1.000000e+000	2.304166e+000	2.297539e+000	1.814289e+000
5.125231953582619e-005	1.000000e+000	2.258851e+000	2.281929e+000	1.817292e+000
5.144763203582619e-005	1.000000e+000	2.213301e+000	2.258478e+000	1.820107e+000
5.164294453582619e-005	1.000000e+000	2.167522e+000	2.215348e+000	1.822584e+000
5.183825703582618e-005	1.000000e+000	2.121518e+000	2.162683e+000	1.824684e+000
5.203356953582618e-005	1.000000e+000	2.075294e+000	2.111393e+000	1.826440e+000
5.242419453582618e-005	1.000000e+000	1.982204e+000	2.019559e+000	1.829041e+000
5.261950703582618e-005	1.000000e+000	1.935348e+000	1.974122e+000	1.829889e+000
5.301013203582618e-005	1.000000e+000	1.841040e+000	1.879947e+000	1.830651e+000
5.320544453582618e-005	1.000000e+000	1.793596e+000	1.832358e+000	1.830565e+000
5.370767667868331e-005	1.000000e+000	1.670541e+000	1.709719e+000	1.828892e+000
5.420990882154045e-005	1.000000e+000	1.546554e+000	1.586113e+000	1.825238e+000
5.471214096439760e-005	1.000000e+000	1.421637e+000	1.461539e+000	1.819604e+000
5.521437310725474e-005	1.000000e+000	1.295787e+000	1.335998e+000	1.811990e+000
5.571660525011188e-005	1.000000e+000	1.169006e+000	1.209489e+000	1.802395e+000
5.621883739296902e-005	1.000000e+000	1.041294e+000	1.082012e+000	1.790819e+000
5.672106953582615e-005	1.000000e+000	9.126507e-001	9.535677e-001	1.777263e+000
5.722330167868329e-005	1.000000e+000	7.833745e-001	8.244760e-001	1.761777e+000
5.772553382154043e-005	1.000000e+000	6.537839e-001	6.950415e-001	1.744460e+000
5.822776596439758e-005	1.000000e+000	5.238787e-001	5.652641e-001	1.725314e+000
5.872999810725472e-005	1.000000e+000	3.936591e-001	4.351438e-001	1.704338e+000
5.923223025011186e-005	1.000000e+000	2.631249e-001	3.046806e-001	1.681532e+000
5.973446239296899e-005	1.000000e+000	1.322763e-001	1.738745e-001	1.656895e+000
6.023669453582613e-005	1.000000e+000	1.113205e-003	4.272556e-002	1.630429e+000
6.048781060725471e-005	1.000000e+000	-6.439043e-002	-2.278178e-002	1.616566e+000
6.073892667868329e-005	1.000000e+000	-1.298550e-001	-8.825715e-002	1.602282e+000
6.099004275011186e-005	1.000000e+000	-1.952804e-001	-1.537006e-001	1.587578e+000
6.124115882154044e-005	1.000000e+000	-2.606668e-001	-2.191120e-001	1.572452e+000
6.149227489296901e-005	1.000000e+000	-3.260141e-001	-2.844915e-001	1.556906e+000
6.174339096439758e-005	1.000000e+000	-3.913223e-001	-3.498390e-001	1.540939e+000
6.199450703582616e-005	1.000000e+000	-4.565914e-001	-4.151545e-001	1.524551e+000
6.297106953582618e-005	1.000000e+000	-7.110577e-001	-6.698722e-001	1.456333e+000
6.394763203582621e-005	1.000000e+000	-9.620792e-001	-9.212488e-001	1.382889e+000
6.492419453582624e-005	1.000000e+000	-1.209656e+000	-1.169284e+000	1.304218e+000
6.590075703582627e-005	1.000000e+000	-1.453788e+000	-1.413979e+000	1.220320e+000
6.687731953582630e-005	1.000000e+000	-1.694475e+000	-1.655332e+000	1.131196e+000
6.785388203582632e-005	1.000000e+000	-1.931718e+000	-1.893344e+000	1.036845e+000
6.883044453582635e-005	1.000000e+000	-2.165515e+000	-2.128016e+000	9.372670e-001
6.971180974499402e-005	1.000000e+000	-2.371288e+000	-2.334662e+000	8.438159e-001
7.059317495416168e-005	1.000000e+000	-2.571044e+000	-2.535364e+000	7.478182e-001
7.147454016332935e-005	1.000000e+000	-2.764782e+000	-2.730120e+000	6.492737e-001
7.235590537249701e-005	1.000000e+000	-2.952504e+000	-2.918930e+000	5.481826e-001
7.323727058166468e-005	1.000000e+000	-3.134208e+000	-3.101795e+000	4.445447e-001
7.411863579083235e-005	1.000000e+000	-3.309894e+000	-3.278715e+000	3.383602e-001
7.500000100000000e-005	1.000000e+000	-3.479564e+000	-3.449690e+000	2.296290e-001
7.500000110000001e-005	9.000000e-001	-3.479564e+000	-3.449690e+000	2.296290e-001
7.500000130000000e-005	7.000000e-001	-3.479564e+000	-3.449689e+000	2.296290e-001
7.500000170000000e-005	3.000000e-001	-3.479564e+000	-3.449684e+000	2.296289e-001
7.500000200000000e-005	3.995803e-009	-3.479564e+000	-3.449678e+000	2.296289e-001
7.500000208000000e-005	1.331934e-009	-3.479564e+000	-3.449677e+000	2.296289e-001
7.500000224000000e-005	0.000000e+000	-3.479564e+000	-3.449673e+000	2.296289e-001
7.500000255999999e-005	0.000000e+000	-3.479564e+000	-3.449665e+000	2.296289e-001
7.500000319999999e-005	0.000000e+000	-3.479565e+000	-3.449651e+000	2.296289e-001
7.500000447999998e-005	0.000000e+000	-3.479565e+000	-3.449621e+000	2.296289e-001
7.500000703999998e-005	0.000000e+000	-3.479565e+000	-3.449562e+000	2.296289e-001
7.500001215999996e-005	0.000000e+000	-3.479566e+000	-3.449443e+000	2.296289e-001
7.500002239999991e-005	0.000000e+000	-3.479568e+000	-3.449207e+000	2.296289e-001
7.500004287999982e-005	0.000000e+000	-3.479572e+000	-3.448734e+000	2.296289e-001
7.500008383999966e-005	0.000000e+000	-3.479580e+000	-3.447787e+000	2.296289e-001
7.500016575999933e-005	0.000000e+000	-3.479595e+000	-3.445896e+000	2.296289e-001
7.500032959999868e-005	0.000000e+000	-3.479626e+000	-3.442117e+000	2.296289e-001
7.500065727999738e-005	0.000000e+000	-3.479687e+000	-3.434573e+000	2.296289e-001
7.500131263999475e-005	0.000000e+000	-3.479810e+000	-3.419544e+000	2.296289e-001
7.500262335998952e-005	0.000000e+000	-3.480055e+000	-3.389714e+000	2.296288e-001
7.500524479997904e-005	0.000000e+000	-3.480546e+000	-3.330964e+000	2.296287e-001
7.501048767995809e-005	0.000000e+000	-3.481527e+000	-3.216982e+000	2.296285e-001
7.502097343991620e-005	0.000000e+000	-3.483489e+000	-3.002284e+000	2.296281e-001
7.504194495983240e-005	0.000000e+000	-3.487408e+000	-2.620135e+000	2.296273e-001
7.508388799966481e-005	0.000000e+000	-3.495233e+000	-1.990954e+000	2.296257e-001
7.514355376022342e-005	0.000000e+000	-3.506339e+000	-1.307198e+000	2.296233e-001
7.520120669807375e-005	0.000000e+000	-3.517041e+000	-8.326095e-001	2.296210e-001
7.525475267108298e-005	0.000000e+000	-3.526951e+000	-5.263628e-001	2.296188e-001
7.531217637190754e-005	0.000000e+000	-3.537549e+000	-2.957414e-001	2.296163e-001
7.536443758159080e-005	0.000000e+000	-3.547168e+000	-1.448289e-001	2.296141e-001
7.540576216554601e-005	0.000000e+000	-3.554756e+000	-5.719111e-002	2.296124e-001
7.544367833640856e-005	0.000000e+000	-3.561702e+000	3.911263e-003	2.296107e-001
7.548166329836100e-005	0.000000e+000	-3.568646e+000	5.164605e-002	2.296091e-001
7.552146987008930e-005	0.000000e+000	-3.575907e+000	8.997272e-002	2.296073e-001
7.557954647555920e-005	0.000000e+000	-3.586471e+000	1.311654e-001	2.296048e-001
7.564491523790460e-005	0.000000e+000	-3.598322e+000	1.632774e-001	2.296020e-001
7.572889098007846e-005	0.000000e+000	-3.613486e+000	1.894469e-001	2.295983e-001
7.582169238302599e-005	0.000000e+000	-3.630160e+000	2.063705e-001	2.295942e-001
7.593999826374893e-005	0.000000e+000	-3.651290e+000	2.176251e-001	2.295889e-001
7.607777616665810e-005	0.000000e+000	-3.675716e+000	2.236818e-001	2.295828e-001
7.626141713274619e-005	0.000000e+000	-3.707981e+000	2.267791e-001	2.295745e-001
7.665204213274620e-005	0.000000e+000	-3.775527e+000	2.281083e-001	2.295567e-001
7.941431891846057e-005	0.000000e+000	-4.216978e+000	2.278729e-001	2.294172e-001
8.217659570417493e-005	0.000000e+000	-4.559404e+000	2.276538e-001	2.292734e-001
8.493887248988929e-005	0.000000e+000	-4.802805e+000	2.274512e-001	2.291254e-001
8.770114927560366e-005	0.000000e+000	-4.947183e+000	2.272649e-001	2.289732e-001
9.046342606131803e-005	0.000000e+000	-4.992536e+000	2.270950e-001	2.288167e-001
9.322570284703240e-005	0.000000e+000	-4.938864e+000	2.269414e-001	2.286560e-001
9.598797963274675e-005	0.000000e+000	-4.786169e+000	2.268043e-001	2.284910e-001
9.656112539949721e-005	0.000000e+000	-4.740669e+000	2.267850e-001	2.284588e-001
9.713427116624768e-005	0.000000e+000	-4.691068e+000	2.267673e-001	2.284269e-001
9.770741693299814e-005	0.000000e+000	-4.637365e+000	2.267511e-001	2.283954e-001
9.828056269974861e-005	0.000000e+000	-4.579560e+000	2.267365e-001	2.283641e-001
9.885370846649907e-005	0.000000e+000	-4.517653e+000	2.267235e-001	2.283332e-001
9.942685423324955e-005	0.000000e+000	-4.451644e+000	2.267120e-001	2.283026e-001
1.000000000000000e-004	0.000000e+000	-4.381534e+000	2.267022e-001	2.282723e-001
1.000000001000000e-004	1.000000e-001	-4.381534e+000	2.267022e-001	2.282723e-001
1.000000003000000e-004	3.000000e-001	-4.381533e+000	2.267011e-001	2.282723e-001
1.000000007000000e-004	7.000000e-001	-4.381533e+000	2.266943e-001	2.282723e-001
1.000000010000000e-004	1.000000e+000	-4.381533e+000	2.266860e-001	2.282722e-001
1.000000010800000e-004	1.000000e+000	-4.381533e+000	2.266834e-001	2.282722e-001
1.000000015600000e-004	1.000000e+000	-4.381533e+000	2.266677e-001	2.282722e-001
1.000000022000000e-004	1.000000e+000	-4.381533e+000	2.266467e-001	2.282720e-001
1.000000060400000e-004	1.000000e+000	-4.381533e+000	2.265208e-001	2.282714e-001
1.000030012399880e-004	1.000000e+000	-4.381156e+000	1.295829e-001	2.277504e-001
1.000059964399760e-004	1.000000e+000	-4.380780e+000	3.475676e-002	2.272295e-001
1.000089916399641e-004	1.000000e+000	-4.380403e+000	-5.795774e-002	2.267087e-001
1.000119868399521e-004	1.000000e+000	-4.380027e+000	-1.485606e-001	2.261880e-001
1.000149820399401e-004	1.000000e+000	-4.379650e+000	-2.370517e-001	2.256675e-001
1.000179772399282e-004	1.000000e+000	-4.379273e+000	-3.234311e-001	2.251471e-001
1.000209724399162e-004	1.000000e+000	-4.378896e+000	-4.076989e-001	2.246268e-001
1.000419439598324e-004	1.000000e+000	-4.376251e+000	-9.490893e-001	2.209874e-001
1.000838869996648e-004	1.000000e+000	-4.370947e+000	-1.842772e+000	2.137249e-001
1.001400491163722e-004	1.000000e+000	-4.363812e+000	-2.748011e+000	2.040347e-001
1.002083942821111e-004	1.000000e+000	-4.355081e+000	-3.505122e+000	1.923020e-001
1.002869460335874e-004	1.000000e+000	-4.344976e+000	-4.051244e+000	1.789178e-001
1.003810424777470e-004	1.000000e+000	-4.332774e+000	-4.410894e+000	1.631071e-001
1.004940813715385e-004	1.000000e+000	-4.317972e+000	-4.577757e+000	1.446564e-001
1.006407837132857e-004	1.000000e+000	-4.298533e+000	-4.556120e+000	1.218051e-001
1.008150834940020e-004	1.000000e+000	-4.275126e+000	-4.403330e+000	9.600227e-002
1.009957597033685e-004	1.000000e+000	-4.250495e+000	-4.261586e+000	7.018775e-002
1.011910722033685e-004	1.000000e+000	-4.223450e+000	-4.196075e+000	4.265312e-002
1.013863847033685e-004	1.000000e+000	-4.195974e+000	-4.191014e+000	1.518969e-002
1.015816972033685e-004	1.000000e+000	-4.168063e+000	-4.192761e+000	-1.212078e-002
1.017770097033685e-004	1.000000e+000	-4.139719e+000	-4.174733e+000	-3.909662e-002
1.019723222033685e-004	1.000000e+000	-4.110947e+000	-4.141346e+000	-6.564938e-002
1.023629472033685e-004	1.000000e+000	-4.052124e+000	-4.073826e+000	-1.175687e-001
1.029488847033686e-004	1.000000e+000	-3.960745e+000	-3.986821e+000	-1.927984e-001
1.035348222033686e-004	1.000000e+000	-3.865669e+000	-3.891954e+000	-2.647685e-001
1.048741079176543e-004	1.000000e+000	-3.631624e+000	-3.660176e+000	-4.167843e-001
1.062133936319401e-004	1.000000e+000	-3.383109e+000	-3.413751e+000	-5.518479e-001
1.075526793462258e-004	1.000000e+000	-3.120124e+000	-3.152678e+000	-6.699594e-001
1.088919650605116e-004	1.000000e+000	-2.842668e+000	-2.876957e+000	-7.711188e-001
1.102312507747973e-004	1.000000e+000	-2.550741e+000	-2.586589e+000	-8.553260e-001
1.115705364890831e-004	1.000000e+000	-2.244344e+000	-2.281574e+000	-9.225812e-001
1.129098222033688e-004	1.000000e+000	-1.923477e+000	-1.961911e+000	-9.728842e-001
1.134120543462260e-004	1.000000e+000	-1.801741e+000	-1.840581e+000	-9.876116e-001
1.139142864890832e-004	1.000000e+000	-1.678982e+000	-1.718200e+000	-1.000114e+000
1.144165186319403e-004	1.000000e+000	-1.555200e+000	-1.594769e+000	-1.010391e+000
1.149187507747975e-004	1.000000e+000	-1.430394e+000	-1.470288e+000	-1.018442e+000
1.154209829176546e-004	1.000000e+000	-1.304565e+000	-1.344756e+000	-1.024268e+000
1.159232150605118e-004	1.000000e+000	-1.177713e+000	-1.218173e+000	-1.027869e+000
1.164254472033689e-004	1.000000e+000	-1.049837e+000	-1.090540e+000	-1.029245e+000
1.166207597033689e-004	1.000000e+000	-9.999921e-001	-1.040781e+000	-1.029218e+000
1.170113847033690e-004	1.000000e+000	-8.999958e-001	-9.409454e-001	-1.028195e+000
1.174857150605118e-004	1.000000e+000	-7.778855e-001	-8.190073e-001	-1.025170e+000
1.179600454176547e-004	1.000000e+000	-6.554871e-001	-6.967556e-001	-1.020334e+000
1.184343757747976e-004	1.000000e+000	-5.328004e-001	-5.741905e-001	-1.013686e+000
1.189087061319404e-004	1.000000e+000	-4.098255e-001	-4.513118e-001	-1.005226e+000
1.193830364890833e-004	1.000000e+000	-2.865624e-001	-3.281196e-001	-9.949552e-001
1.198573668462262e-004	1.000000e+000	-1.630110e-001	-2.046139e-001	-9.828728e-001
1.203316972033691e-004	1.000000e+000	-3.917152e-002	-8.079460e-002	-9.689789e-001
1.206107150605119e-004	1.000000e+000	3.361894e-002	-8.004081e-003	-9.600210e-001
1.208897329176548e-004	1.000000e+000	1.063638e-001	6.474964e-002	-9.504866e-001
1.211687507747976e-004	1.000000e+000	1.790631e-001	1.374666e-001	-9.403758e-001
1.214477686319405e-004	1.000000e+000	2.517167e-001	2.101467e-001	-9.296885e-001
1.217267864890834e-004	1.000000e+000	3.243248e-001	2.827900e-001	-9.184247e-001
1.220058043462262e-004	1.000000e+000	3.968873e-001	3.553965e-001	-9.065845e-001
1.222848222033691e-004	1.000000e+000	4.694042e-001	4.279662e-001	-8.941679e-001
1.226727048886021e-004	1.000000e+000	5.700905e-001	5.287409e-001	-8.759518e-001
1.230605875738351e-004	1.000000e+000	6.704445e-001	6.291997e-001	-8.567274e-001
1.234484702590681e-004	1.000000e+000	7.704659e-001	7.293428e-001	-8.364946e-001
1.238363529443010e-004	1.000000e+000	8.701549e-001	8.291701e-001	-8.152534e-001
1.242242356295340e-004	1.000000e+000	9.695114e-001	9.286816e-001	-7.930038e-001
1.246121183147670e-004	1.000000e+000	1.068535e+000	1.027877e+000	-7.697459e-001
1.250000010000000e-004	1.000000e+000	1.167227e+000	1.126757e+000	-7.454795e-001
1.250000011000000e-004	9.000000e-001	1.167227e+000	1.126757e+000	-7.454795e-001
1.250000013000000e-004	7.000000e-001	1.167227e+000	1.126757e+000	-7.454795e-001
1.250000017000000e-004	3.000000e-001	1.167227e+000	1.126755e+000	-7.454795e-001
1.250000020000000e-004	1.077207e-008	1.167227e+000	1.126752e+000	-7.454795e-001
1.250000020800000e-004	3.590689e-009	1.167227e+000	1.126751e+000	-7.454795e-001
1.250000022400000e-004	0.000000e+000	1.167227e+000	1.126749e+000	-7.454795e-001
1.250000025600000e-004	0.000000e+000	1.167228e+000	1.126745e+000	-7.454795e-001
1.250000032000000e-004	0.000000e+000	1.167228e+000	1.126737e+000	-7.454795e-001
1.250000044800000e-004	0.000000e+000	1.167228e+000	1.126722e+000	-7.454795e-001
1.250000070400000e-004	0.000000e+000	1.167229e+000	1.126692e+000	-7.454795e-001
1.250000121600000e-004	0.000000e+000	1.167230e+000	1.126632e+000	-7.454795e-001
1.250000223999999e-004	0.000000e+000	1.167233e+000	1.126512e+000	-7.454795e-001
1.250000428799998e-004	0.000000e+000	1.167238e+000	1.126271e+000	-7.454795e-001
1.250000838399996e-004	0.000000e+000	1.167248e+000	1.125789e+000	-7.454795e-001
1.250001657599993e-004	0.000000e+000	1.167269e+000	1.124827e+000	-7.454795e-001
1.250003295999987e-004	0.000000e+000	1.167310e+000	1.122904e+000	-7.454795e-001
1.250006572799974e-004	0.000000e+000	1.167393e+000	1.119065e+000	-7.454795e-001
1.250013126399948e-004	0.000000e+000	1.167560e+000	1.111417e+000	-7.454795e-001
1.250026233599895e-004	0.000000e+000	1.167892e+000	1.096239e+000	-7.454795e-001
1.250104876799581e-004	0.000000e+000	1.169886e+000	1.008344e+000	-7.454793e-001
1.250209734399162e-004	0.000000e+000	1.172544e+000	8.990948e-001	-7.454791e-001
1.250419449598324e-004	0.000000e+000	1.177858e+000	7.032797e-001	-7.454787e-001
1.250785049202678e-004	0.000000e+000	1.187121e+000	4.125461e-001	-7.454780e-001
1.251169126020248e-004	0.000000e+000	1.196847e+000	1.644408e-001	-7.454771e-001
1.251566496040418e-004	0.000000e+000	1.206904e+000	-3.689819e-002	-7.454762e-001
1.251966497284662e-004	0.000000e+000	1.217023e+000	-1.943217e-001	-7.454754e-001
1.252395957456007e-004	0.000000e+000	1.227881e+000	-3.220845e-001	-7.454743e-001
1.252992896272651e-004	0.000000e+000	1.242962e+000	-4.510158e-001	-7.454729e-001
1.253676261710566e-004	0.000000e+000	1.260212e+000	-5.516719e-001	-7.454712e-001
1.254536397226794e-004	0.000000e+000	1.281901e+000	-6.308424e-001	-7.454691e-001
1.255505486982568e-004	0.000000e+000	1.306306e+000	-6.820349e-001	-7.454666e-001
1.256726633997851e-004	0.000000e+000	1.337010e+000	-7.149472e-001	-7.454634e-001
1.258175856733749e-004	0.000000e+000	1.373374e+000	-7.324208e-001	-7.454596e-001
1.260100020766510e-004	0.000000e+000	1.421537e+000	-7.410196e-001	-7.454544e-001
1.264006270766510e-004	0.000000e+000	1.518885e+000	-7.443983e-001	-7.454437e-001
1.277678145766510e-004	0.000000e+000	1.858280e+000	-7.443488e-001	-7.454025e-001
1.291350020766511e-004	0.000000e+000	2.184292e+000	-7.442776e-001	-7.453571e-001
1.305021895766511e-004	0.000000e+000	2.496922e+000	-7.441848e-001	-7.453076e-001
1.318693770766511e-004	0.000000e+000	2.796168e+000	-7.440703e-001	-7.452538e-001
1.332365645766512e-004	0.000000e+000	3.082030e+000	-7.439342e-001	-7.451960e-001
1.346037520766512e-004	0.000000e+000	3.354510e+000	-7.437764e-001	-7.451340e-001
1.359709395766513e-004	0.000000e+000	3.613606e+000	-7.435970e-001	-7.450678e-001
1.361662520766513e-004	0.000000e+000	3.648615e+000	-7.435766e-001	-7.450581e-001
1.381425017799868e-004	0.000000e+000	3.986692e+000	-7.433693e-001	-7.449542e-001
1.401187514833223e-004	0.000000e+000	4.276311e+000	-7.431725e-001	-7.448463e-001
1.420950011866579e-004	0.000000e+000	4.517471e+000	-7.429862e-001	-7.447345e-001
1.440712508899934e-004	0.000000e+000	4.710174e+000	-7.428104e-001	-7.446187e-001
1.460475005933290e-004	0.000000e+000	4.854418e+000	-7.426451e-001	-7.444990e-001
1.480237502966645e-004	0.000000e+000	4.950205e+000	-7.424902e-001	-7.443754e-001
1.500000000000000e-004	0.000000e+000	4.997533e+000	-7.423459e-001	-7.442478e-001
1.500000001000000e-004	1.000000e-001	4.997533e+000	-7.423459e-001	-7.442478e-001
1.500000003000000e-004	3.000000e-001	4.997533e+000	-7.423446e-001	-7.442478e-001
1.500000007000000e-004	7.000000e-001	4.997533e+000	-7.423364e-001	-7.442477e-001
1.500000010000000e-004	1.000000e+000	4.997533e+000	-7.423263e-001	-7.442477e-001
1.500000010800000e-004	1.000000e+000	4.997533e+000	-7.423232e-001	-7.442477e-001
1.500000012400000e-004	1.000000e+000	4.997533e+000	-7.423168e-001	-7.442476e-001
1.500000015600000e-004	1.000000e+000	4.997533e+000	-7.423041e-001	-7.442476e-001
1.500000022000000e-004	1.000000e+000	4.997533e+000	-7.422786e-001	-7.442474e-001
1.500000060400000e-004	1.000000e+000	4.997533e+000	-7.421259e-001	-7.442466e-001
1.500000521199998e-004	1.000000e+000	4.997533e+000	-7.402938e-001	-7.442369e-001
1.500000981999996e-004	1.000000e+000	4.997534e+000	-7.384623e-001	-7.442272e-001
1.500001442799994e-004	1.000000e+000	4.997534e+000	-7.366315e-001	-7.442174e-001
1.500001903599992e-004	1.000000e+000	4.997534e+000	-7.348013e-001	-7.442077e-001
1.500002364399991e-004	1.000000e+000	4.997535e+000	-7.329719e-001	-7.441980e-001
1.500002825199989e-004	1.000000e+000	4.997535e+000	-7.311430e-001	-7.441883e-001
1.500003285999987e-004	1.000000e+000	4.997536e+000	-7.293149e-001	-7.441785e-001
1.500032777199869e-004	1.000000e+000	4.997560e+000	-6.137885e-001	-7.435562e-001
1.500062268399751e-004	1.000000e+000	4.997584e+000	-5.007304e-001	-7.429339e-001
1.500091759599633e-004	1.000000e+000	4.997607e+000	-3.901405e-001	-7.423117e-001
1.500121250799515e-004	1.000000e+000	4.997631e+000	-2.820189e-001	-7.416896e-001
1.500150741999398e-004	1.000000e+000	4.997654e+000	-1.763654e-001	-7.410676e-001
1.500180233199280e-004	1.000000e+000	4.997678e+000	-7.318013e-002	-7.404456e-001
1.500209724399162e-004	1.000000e+000	4.997701e+000	2.753692e-002	-7.398238e-001
1.500419439598324e-004	1.000000e+000	4.997861e+000	6.853275e-001	-7.354041e-001
1.500835731023753e-004	1.000000e+000	4.998163e+000	1.772274e+000	-7.266419e-001
1.501339946816460e-004	1.000000e+000	4.998497e+000	2.781793e+000	-7.160508e-001
1.502003460976132e-004	1.000000e+000	4.998885e+000	3.716034e+000	-7.021544e-001
1.502732229150605e-004	1.000000e+000	4.999240e+000	4.385497e+000	-6.869539e-001
1.503648831152954e-004	1.000000e+000	4.999584e+000	4.881125e+000	-6.679670e-001
1.504688593522372e-004	1.000000e+000	4.999830e+000	5.156310e+000	-6.467600e-001
1.506060344088907e-004	1.000000e+000	4.999922e+000	5.243156e+000	-6.195942e-001
1.507743307932742e-004	1.000000e+000	4.999690e+000	5.160517e+000	-5.875121e-001
1.509651639244921e-004	1.000000e+000	4.998979e+000	5.024324e+000	-5.522575e-001
1.511604764244921e-004	1.000000e+000	4.997753e+000	4.954782e+000	-5.166683e-001
1.513557889244921e-004	1.000000e+000	4.996012e+000	4.960426e+000	-4.811139e-001
1.515511014244921e-004	1.000000e+000	4.993752e+000	4.989374e+000	-4.455549e-001
1.517464139244921e-004	1.000000e+000	4.990974e+000	5.003701e+000	-4.101635e-001
1.521091371387779e-004	1.000000e+000	4.984433e+000	4.993412e+000	-3.452477e-001
1.524718603530636e-004	1.000000e+000	4.976117e+000	4.982374e+000	-2.812304e-001
1.528345835673493e-004	1.000000e+000	4.966027e+000	4.970586e+000	-2.181115e-001
1.531973067816351e-004	1.000000e+000	4.954163e+000	4.958048e+000	-1.558911e-001
1.535600299959208e-004	1.000000e+000	4.940524e+000	4.944762e+000	-9.456920e-002
1.539227532102065e-004	1.000000e+000	4.925112e+000	4.930725e+000	-3.414572e-002
1.542854764244922e-004	1.000000e+000	4.907925e+000	4.915939e+000	2.537930e-002
1.546761014244922e-004	1.000000e+000	4.887465e+000	4.896274e+000	8.841708e-002
1.552620389244922e-004	1.000000e+000	4.852974e+000	4.863029e+000	1.809201e-001
1.566850299959209e-004	1.000000e+000	4.748122e+000	4.761177e+000	3.960653e-001
1.581080210673495e-004	1.000000e+000	4.619296e+000	4.635243e+000	5.948872e-001
1.595310121387781e-004	1.000000e+000	4.466497e+000	4.485227e+000	7.773861e-001
1.609540032102067e-004	1.000000e+000	4.289725e+000	4.311128e+000	9.435618e-001
1.623769942816353e-004	1.000000e+000	4.088980e+000	4.112947e+000	1.093414e+000
1.637999853530639e-004	1.000000e+000	3.864262e+000	3.890682e+000	1.226944e+000
1.652229764244925e-004	1.000000e+000	3.615571e+000	3.644336e+000	1.344150e+000
1.662553424959211e-004	1.000000e+000	3.422937e+000	3.453288e+000	1.417738e+000
1.672877085673497e-004	1.000000e+000	3.221913e+000	3.253752e+000	1.482220e+000
1.683200746387783e-004	1.000000e+000	3.012498e+000	3.045727e+000	1.537596e+000
1.693524407102069e-004	1.000000e+000	2.794692e+000	2.829213e+000	1.583866e+000
1.703848067816355e-004	1.000000e+000	2.568495e+000	2.604211e+000	1.621030e+000
1.714171728530641e-004	1.000000e+000	2.333907e+000	2.370719e+000	1.649087e+000
1.724495389244927e-004	1.000000e+000	2.090928e+000	2.128739e+000	1.668038e+000
1.727285567816356e-004	1.000000e+000	2.024588e+000	2.062648e+000	1.671643e+000
1.730075746387785e-004	1.000000e+000	1.957855e+000	1.996156e+000	1.674604e+000
1.732865924959213e-004	1.000000e+000	1.890729e+000	1.929262e+000	1.676921e+000
1.735656103530642e-004	1.000000e+000	1.823210e+000	1.861968e+000	1.678595e+000
1.738446282102071e-004	1.000000e+000	1.755297e+000	1.794271e+000	1.679625e+000
1.741236460673499e-004	1.000000e+000	1.686992e+000	1.726174e+000	1.680012e+000
1.744026639244928e-004	1.000000e+000	1.618293e+000	1.657676e+000	1.679754e+000
1.750000010000000e-004	1.000000e+000	1.470201e+000	1.509984e+000	1.677162e+000
1.750000011000000e-004	9.000000e-001	1.470201e+000	1.509984e+000	1.677162e+000
1.750000013000000e-004	7.000000e-001	1.470201e+000	1.509984e+000	1.677162e+000
1.750000017000000e-004	3.000000e-001	1.470201e+000	1.509984e+000	1.677162e+000
1.750000020000000e-004	0.000000e+000	1.470201e+000	1.509984e+000	1.677162e+000
1.750000020800000e-004	0.000000e+000	1.470201e+000	1.509984e+000	1.677162e+000
1.750000022400000e-004	0.000000e+000	1.470201e+000	1.509984e+000	1.677162e+000
1.750000025600000e-004	0.000000e+000	1.470201e+000	1.509985e+000	1.677162e+000
1.750000032000000e-004	0.000000e+000	1.470201e+000	1.509985e+000	1.677162e+000
1.750000044800000e-004	0.000000e+000	1.470201e+000	1.509987e+000	1.677162e+000
1.750000070400000e-004	0.000000e+000	1.470200e+000	1.509989e+000	1.677162e+000
1.750000121600000e-004	0.000000e+000	1.470199e+000	1.509995e+000	1.677162e+000
1.750000223999999e-004	0.000000e+000	1.470196e+000	1.510006e+000	1.677162e+000
1.750000428799998e-004	0.000000e+000	1.470191e+000	1.510027e+000	1.677162e+000
1.750000838399997e-004	0.000000e+000	1.470181e+000	1.510070e+000	1.677162e+000
1.750001657599993e-004	0.000000e+000	1.470160e+000	1.510156e+000	1.677162e+000
1.750003295999987e-004	0.000000e+000	1.470119e+000	1.510328e+000	1.677162e+000
1.750006572799974e-004	0.000000e+000	1.470038e+000	1.510670e+000	1.677162e+000
1.750013126399948e-004	0.000000e+000	1.469875e+000	1.511353e+000	1.677162e+000
1.750026233599895e-004	0.000000e+000	1.469548e+000	1.512708e+000	1.677162e+000
1.750052447999791e-004	0.000000e+000	1.468894e+000	1.515377e+000	1.677162e+000
1.750104876799581e-004	0.000000e+000	1.467588e+000	1.520555e+000	1.677162e+000
1.750419449598324e-004	0.000000e+000	1.459743e+000	1.547669e+000	1.677162e+000
1.750838879996648e-004	0.000000e+000	1.449277e+000	1.575493e+000	1.677162e+000
1.751677740793296e-004	0.000000e+000	1.428321e+000	1.613313e+000	1.677162e+000
1.753105884966681e-004	0.000000e+000	1.392588e+000	1.650121e+000	1.677161e+000
1.754375685195287e-004	0.000000e+000	1.360758e+000	1.665680e+000	1.677160e+000
1.755804511234400e-004	0.000000e+000	1.324865e+000	1.672370e+000	1.677159e+000
1.757506305833572e-004	0.000000e+000	1.282018e+000	1.675357e+000	1.677158e+000
1.759459430833572e-004	0.000000e+000	1.232724e+000	1.676465e+000	1.677156e+000
1.761412555833572e-004	0.000000e+000	1.183306e+000	1.676757e+000	1.677154e+000
1.763365680833572e-004	0.000000e+000	1.133765e+000	1.676812e+000	1.677152e+000
1.765318805833572e-004	0.000000e+000	1.084107e+000	1.676812e+000	1.677150e+000
1.767271930833572e-004	0.000000e+000	1.034337e+000	1.676798e+000	1.677148e+000
1.770062109405001e-004	0.000000e+000	9.630129e-001	1.676773e+000	1.677145e+000
1.772852287976429e-004	0.000000e+000	8.915231e-001	1.676748e+000	1.677141e+000
1.775642466547858e-004	0.000000e+000	8.198674e-001	1.676722e+000	1.677137e+000
1.778432645119287e-004	0.000000e+000	7.480458e-001	1.676697e+000	1.677133e+000
1.781222823690715e-004	0.000000e+000	6.760582e-001	1.676670e+000	1.677129e+000
1.784013002262144e-004	0.000000e+000	6.039046e-001	1.676644e+000	1.677125e+000
1.786803180833573e-004	0.000000e+000	5.315851e-001	1.676617e+000	1.677120e+000
1.789872377262144e-004	0.000000e+000	4.518949e-001	1.676588e+000	1.677115e+000
1.792941573690716e-004	0.000000e+000	3.721401e-001	1.676558e+000	1.677110e+000
1.796010770119287e-004	0.000000e+000	2.923207e-001	1.676528e+000	1.677104e+000
1.799079966547859e-004	0.000000e+000	2.124366e-001	1.676497e+000	1.677098e+000
1.802149162976430e-004	0.000000e+000	1.324879e-001	1.676467e+000	1.677091e+000
1.805218359405002e-004	0.000000e+000	5.247457e-002	1.676436e+000	1.677085e+000
1.808287555833573e-004	0.000000e+000	-2.760342e-002	1.676405e+000	1.677078e+000
1.812751841547859e-004	0.000000e+000	-1.441451e-001	1.676359e+000	1.677068e+000
1.817216127262145e-004	0.000000e+000	-2.604514e-001	1.676313e+000	1.677057e+000
1.821680412976431e-004	0.000000e+000	-3.765223e-001	1.676267e+000	1.677046e+000
1.826144698690717e-004	0.000000e+000	-4.923579e-001	1.676220e+000	1.677034e+000
1.830608984405003e-004	0.000000e+000	-6.079582e-001	1.676173e+000	1.677022e+000
1.835073270119288e-004	0.000000e+000	-7.233231e-001	1.676125e+000	1.677009e+000
1.839537555833574e-004	0.000000e+000	-8.384526e-001	1.676077e+000	1.676995e+000
1.851256305833574e-004	0.000000e+000	-1.140601e+000	1.675948e+000	1.676957e+000
1.862975055833575e-004	0.000000e+000	-1.435812e+000	1.675817e+000	1.676916e+000
1.874693805833575e-004	0.000000e+000	-1.724085e+000	1.675685e+000	1.676872e+000
1.886412555833575e-004	0.000000e+000	-2.005420e+000	1.675552e+000	1.676824e+000
1.898131305833576e-004	0.000000e+000	-2.279818e+000	1.675418e+000	1.676773e+000
1.909850055833576e-004	0.000000e+000	-2.547278e+000	1.675282e+000	1.676718e+000
1.921568805833576e-004	0.000000e+000	-2.807800e+000	1.675146e+000	1.676660e+000
1.932631425476959e-004	0.000000e+000	-3.043367e+000	1.675016e+000	1.676602e+000
1.943694045120342e-004	0.000000e+000	-3.267075e+000	1.674889e+000	1.676543e+000
1.954756664763725e-004	0.000000e+000	-3.478922e+000	1.674762e+000	1.676481e+000
1.965819284407108e-004	0.000000e+000	-3.678909e+000	1.674637e+000	1.676416e+000
1.976881904050491e-004	0.000000e+000	-3.867035e+000	1.674513e+000	1.676350e+000
1.987944523693874e-004	0.000000e+000	-4.043302e+000	1.674390e+000	1.676281e+000
1.999007143337256e-004	0.000000e+000	-4.207708e+000	1.674269e+000	1.676210e+000
1.999470983343141e-004	0.000000e+000	-4.214225e+000	1.674264e+000	1.676207e+000
2.000000000000000e-004	0.000000e+000	-4.221640e+000	1.674258e+000	1.676203e+000
