time	V(logic)	V(signal_in)	V(signal_out)	V(vc)
0.000000000000000e+000	0.000000e+000	0.000000e+000	0.000000e+000	0.000000e+000
1.000000000000000e-012	1.000000e+000	2.261947e-005	1.200389e-014	6.368304e-015
1.526712531052304e-010	1.000000e+000	3.453350e-003	-5.299557e-007	-2.856796e-007
3.043425062104609e-010	1.000000e+000	6.884065e-003	1.934659e-008	6.821899e-009
4.560137593156913e-010	1.000000e+000	1.031476e-002	1.647907e-006	8.775045e-007
6.076850124209217e-010	1.000000e+000	1.374545e-002	4.355725e-006	2.326368e-006
7.593562655261521e-010	1.000000e+000	1.717611e-002	8.142801e-006	4.353413e-006
9.110275186313826e-010	1.000000e+000	2.060677e-002	1.300913e-005	6.958639e-006
1.062698771736613e-009	1.000000e+000	2.403740e-002	1.895473e-005	1.014205e-005
1.327983214814282e-009	1.000000e+000	3.003773e-002	3.683147e-005	1.974898e-005
1.660558695527238e-009	1.000000e+000	3.755990e-002	7.162767e-005	3.850809e-005
2.078279185397685e-009	1.000000e+000	4.700749e-002	1.394745e-004	7.523117e-005
2.603938610486619e-009	1.000000e+000	5.889563e-002	2.715891e-004	1.470925e-004
3.254613941201944e-009	1.000000e+000	7.360967e-002	5.242880e-004	2.853893e-004
4.079247895971163e-009	1.000000e+000	9.225473e-002	1.017630e-003	5.574452e-004
5.113742435764941e-009	1.000000e+000	1.156392e-001	1.968923e-003	1.087044e-003
6.430837253237663e-009	1.000000e+000	1.454005e-001	3.825205e-003	2.132759e-003
8.104016450667717e-009	1.000000e+000	1.831870e-001	7.318115e-003	4.126212e-003
9.813000825667717e-009	1.000000e+000	2.217532e-001	1.236942e-002	7.049010e-003
1.152198520066772e-008	1.000000e+000	2.602827e-001	1.917899e-002	1.104484e-002
1.323096957566772e-008	1.000000e+000	2.987689e-001	2.792032e-002	1.624646e-002
1.493995395066772e-008	1.000000e+000	3.372056e-001	3.872102e-002	2.276346e-002
1.664893832566772e-008	1.000000e+000	3.755863e-001	5.167281e-002	3.068689e-002
1.835792270066772e-008	1.000000e+000	4.139046e-001	6.683412e-002	4.008975e-002
2.006690707566772e-008	1.000000e+000	4.521542e-001	8.423277e-002	5.102761e-002
2.177589145066772e-008	1.000000e+000	4.903287e-001	1.038686e-001	6.353930e-002
2.348487582566772e-008	1.000000e+000	5.284218e-001	1.257165e-001	7.764788e-002
2.519386020066773e-008	1.000000e+000	5.664272e-001	1.497288e-001	9.336153e-002
2.690284457566773e-008	1.000000e+000	6.043385e-001	1.758382e-001	1.106747e-001
2.861182895066773e-008	1.000000e+000	6.421495e-001	2.039605e-001	1.295690e-001
3.032081332566773e-008	1.000000e+000	6.798539e-001	2.339968e-001	1.500149e-001
3.202979770066773e-008	1.000000e+000	7.174454e-001	2.658364e-001	1.719721e-001
3.373878207566774e-008	1.000000e+000	7.549177e-001	2.993589e-001	1.953913e-001
3.544776645066774e-008	1.000000e+000	7.922648e-001	3.344362e-001	2.202153e-001
3.715675082566774e-008	1.000000e+000	8.294803e-001	3.709349e-001	2.463797e-001
4.057471957566774e-008	1.000000e+000	9.034920e-001	4.476458e-001	3.024449e-001
4.399268832566775e-008	1.000000e+000	9.769036e-001	5.283810e-001	3.629757e-001
4.741065707566775e-008	1.000000e+000	1.049667e+000	6.120490e-001	4.273172e-001
5.082862582566775e-008	1.000000e+000	1.121732e+000	6.976186e-001	4.948012e-001
5.424659457566776e-008	1.000000e+000	1.193053e+000	7.841542e-001	5.647732e-001
5.766456332566776e-008	1.000000e+000	1.263582e+000	8.708370e-001	6.366137e-001
6.279151645066776e-008	1.000000e+000	1.367787e+000	9.996614e-001	7.466467e-001
6.791846957566777e-008	1.000000e+000	1.469948e+000	1.125492e+000	8.579391e-001
7.304542270066777e-008	1.000000e+000	1.569913e+000	1.247113e+000	9.691288e-001
7.817237582566778e-008	1.000000e+000	1.667532e+000	1.363810e+000	1.079162e+000
8.232276645066778e-008	1.000000e+000	1.744917e+000	1.454027e+000	1.167088e+000
8.647315707566779e-008	1.000000e+000	1.820414e+000	1.541192e+000	1.253177e+000
9.062354770066780e-008	1.000000e+000	1.894023e+000	1.625307e+000	1.337430e+000
9.477393832566780e-008	1.000000e+000	1.965744e+000	1.706369e+000	1.419846e+000
9.892432895066780e-008	1.000000e+000	2.035577e+000	1.784381e+000	1.500427e+000
1.030747195756678e-007	1.000000e+000	2.103523e+000	1.859341e+000	1.579171e+000
1.072251102006678e-007	1.000000e+000	2.169580e+000	1.931249e+000	1.656078e+000
1.133286258256678e-007	1.000000e+000	2.263015e+000	2.033352e+000	1.765665e+000
1.194321414506678e-007	1.000000e+000	2.351225e+000	2.131135e+000	1.871241e+000
1.255356570756678e-007	1.000000e+000	2.434209e+000	2.224599e+000	1.972806e+000
1.316391727006677e-007	1.000000e+000	2.511966e+000	2.313745e+000	2.070359e+000
1.377426883256677e-007	1.000000e+000	2.584498e+000	2.398571e+000	2.163901e+000
1.438462039506677e-007	1.000000e+000	2.651804e+000	2.479079e+000	2.253431e+000
1.499497195756676e-007	1.000000e+000	2.713884e+000	2.555267e+000	2.338950e+000
1.572739383256676e-007	1.000000e+000	2.780642e+000	2.640905e+000	2.436211e+000
1.645981570756675e-007	1.000000e+000	2.838560e+000	2.718025e+000	2.525623e+000
1.719223758256675e-007	1.000000e+000	2.887640e+000	2.786629e+000	2.607185e+000
1.792465945756674e-007	1.000000e+000	2.927879e+000	2.846714e+000	2.680899e+000
1.865708133256674e-007	1.000000e+000	2.959279e+000	2.898283e+000	2.746764e+000
1.938950320756674e-007	1.000000e+000	2.981840e+000	2.941334e+000	2.804779e+000
2.012192508256673e-007	1.000000e+000	2.995561e+000	2.975868e+000	2.854946e+000
2.020713062753812e-007	1.000000e+000	2.996526e+000	2.979199e+000	2.860120e+000
2.029233617250951e-007	1.000000e+000	2.997375e+000	2.982414e+000	2.865183e+000
2.037754171748090e-007	1.000000e+000	2.998109e+000	2.985511e+000	2.870134e+000
2.046274726245228e-007	1.000000e+000	2.998727e+000	2.988492e+000	2.874974e+000
2.054795280742367e-007	1.000000e+000	2.999229e+000	2.991355e+000	2.879702e+000
2.063315835239506e-007	1.000000e+000	2.999616e+000	2.994101e+000	2.884319e+000
2.071836389736645e-007	1.000000e+000	2.999887e+000	2.996730e+000	2.888824e+000
2.072859819606810e-007	1.000000e+000	2.999906e+000	2.997033e+000	2.889353e+000
2.074224392767030e-007	1.000000e+000	2.999928e+000	2.997432e+000	2.890053e+000
2.076953539087469e-007	1.000000e+000	2.999964e+000	2.998223e+000	2.891448e+000
2.077885040692451e-007	1.000000e+000	2.999974e+000	2.998491e+000	2.891921e+000
2.079748043902416e-007	1.000000e+000	2.999989e+000	2.999021e+000	2.892863e+000
2.079758043902416e-007	1.000000e+000	2.999989e+000	2.999024e+000	2.892868e+000
2.079778043902416e-007	1.000000e+000	2.999989e+000	2.999029e+000	2.892878e+000
2.079818043902416e-007	1.000000e+000	2.999990e+000	2.999041e+000	2.892898e+000
2.079898043902416e-007	1.000000e+000	2.999990e+000	2.999063e+000	2.892939e+000
2.080058043902416e-007	1.000000e+000	2.999991e+000	2.999108e+000	2.893019e+000
2.080378043902416e-007	1.000000e+000	2.999993e+000	2.999198e+000	2.893180e+000
2.081018043902417e-007	1.000000e+000	2.999995e+000	2.999378e+000	2.893501e+000
2.082063333333328e-007	1.000000e+000	2.999999e+000	2.999671e+000	2.894025e+000
2.082073333333329e-007	1.000000e+000	2.999999e+000	2.999673e+000	2.894030e+000
2.082093333333329e-007	1.000000e+000	2.999999e+000	2.999679e+000	2.894040e+000
2.082133333333329e-007	1.000000e+000	2.999999e+000	2.999690e+000	2.894060e+000
2.082213333333329e-007	1.000000e+000	2.999999e+000	2.999712e+000	2.894100e+000
2.082373333333329e-007	1.000000e+000	2.999999e+000	2.999757e+000	2.894180e+000
2.082693333333329e-007	1.000000e+000	3.000000e+000	2.999846e+000	2.894340e+000
2.082703333333329e-007	1.000000e+000	3.000000e+000	2.999848e+000	2.894345e+000
2.082723333333329e-007	1.000000e+000	3.000000e+000	2.999854e+000	2.894355e+000
2.082763333333329e-007	1.000000e+000	3.000000e+000	2.999865e+000	2.894375e+000
2.082843333333329e-007	1.000000e+000	3.000000e+000	2.999887e+000	2.894415e+000
2.083003333333330e-007	1.000000e+000	3.000000e+000	2.999932e+000	2.894495e+000
2.083023333333330e-007	1.000000e+000	3.000000e+000	2.999937e+000	2.894505e+000
2.083063333333330e-007	1.000000e+000	3.000000e+000	2.999948e+000	2.894524e+000
2.083143333333330e-007	1.000000e+000	3.000000e+000	2.999970e+000	2.894564e+000
2.083183333333330e-007	1.000000e+000	3.000000e+000	2.999981e+000	2.894584e+000
2.083263333333330e-007	1.000000e+000	3.000000e+000	3.000003e+000	2.894624e+000
2.083293333333330e-007	1.000000e+000	3.000000e+000	3.000012e+000	2.894639e+000
2.083303333333330e-007	1.000000e+000	3.000000e+000	3.000015e+000	2.894644e+000
2.083323333333330e-007	1.000000e+000	3.000000e+000	3.000020e+000	2.894654e+000
2.083333333333330e-007	1.000000e+000	3.000000e+000	3.000023e+000	2.894659e+000
2.083343333333330e-007	1.000000e+000	3.000000e+000	3.000026e+000	2.894664e+000
2.083344333333330e-007	9.000000e-001	3.000000e+000	3.000026e+000	2.894664e+000
2.083346333333330e-007	7.000000e-001	3.000000e+000	3.000026e+000	2.894665e+000
2.083350333333330e-007	3.000000e-001	3.000000e+000	3.000025e+000	2.894666e+000
2.083353333333330e-007	0.000000e+000	3.000000e+000	3.000024e+000	2.894666e+000
2.083354133333330e-007	0.000000e+000	3.000000e+000	3.000023e+000	2.894666e+000
2.083355733333330e-007	0.000000e+000	3.000000e+000	3.000022e+000	2.894666e+000
2.083358933333330e-007	0.000000e+000	3.000000e+000	3.000020e+000	2.894666e+000
2.083365333333330e-007	0.000000e+000	3.000000e+000	3.000015e+000	2.894666e+000
2.083378133333330e-007	0.000000e+000	3.000000e+000	3.000007e+000	2.894666e+000
2.083403733333330e-007	0.000000e+000	3.000000e+000	2.999990e+000	2.894666e+000
2.083454933333330e-007	0.000000e+000	3.000000e+000	2.999956e+000	2.894666e+000
2.083557333333330e-007	0.000000e+000	3.000000e+000	2.999889e+000	2.894666e+000
2.083762133333330e-007	0.000000e+000	3.000000e+000	2.999753e+000	2.894666e+000
2.084171733333331e-007	0.000000e+000	2.999999e+000	2.999484e+000	2.894666e+000
2.084990933333332e-007	0.000000e+000	2.999997e+000	2.998947e+000	2.894667e+000
2.086629333333333e-007	0.000000e+000	2.999988e+000	2.997883e+000	2.894667e+000
2.089906133333337e-007	0.000000e+000	2.999954e+000	2.995795e+000	2.894667e+000
2.126656777083359e-007	0.000000e+000	2.998275e+000	2.975150e+000	2.894673e+000
2.153512245833359e-007	0.000000e+000	2.995671e+000	2.963239e+000	2.894677e+000
2.180367714583359e-007	0.000000e+000	2.991844e+000	2.952643e+000	2.894681e+000
2.207223183333359e-007	0.000000e+000	2.986794e+000	2.943360e+000	2.894686e+000
2.234078652083359e-007	0.000000e+000	2.980522e+000	2.935392e+000	2.894691e+000
2.260934120833358e-007	0.000000e+000	2.973026e+000	2.928739e+000	2.894695e+000
2.287789589583358e-007	0.000000e+000	2.964308e+000	2.923400e+000	2.894700e+000
2.314645058333358e-007	0.000000e+000	2.954367e+000	2.919375e+000	2.894706e+000
2.365914589583358e-007	0.000000e+000	2.932043e+000	2.912586e+000	2.894717e+000
2.417184120833358e-007	0.000000e+000	2.905338e+000	2.907672e+000	2.894727e+000
2.468453652083358e-007	0.000000e+000	2.874291e+000	2.904115e+000	2.894738e+000
2.519723183333359e-007	0.000000e+000	2.838951e+000	2.901540e+000	2.894748e+000
2.570992714583359e-007	0.000000e+000	2.799368e+000	2.899676e+000	2.894757e+000
2.605172402083360e-007	0.000000e+000	2.770652e+000	2.898729e+000	2.894763e+000
2.639352089583360e-007	0.000000e+000	2.740096e+000	2.897964e+000	2.894767e+000
2.673531777083360e-007	0.000000e+000	2.707721e+000	2.897346e+000	2.894770e+000
2.707711464583361e-007	0.000000e+000	2.673547e+000	2.896845e+000	2.894772e+000
2.724801308333361e-007	0.000000e+000	2.655793e+000	2.896631e+000	2.894772e+000
2.741891152083361e-007	0.000000e+000	2.637598e+000	2.896439e+000	2.894772e+000
2.776070839583361e-007	0.000000e+000	2.599897e+000	2.896107e+000	2.894770e+000
2.810250527083361e-007	0.000000e+000	2.560469e+000	2.895836e+000	2.894766e+000
2.844430214583362e-007	0.000000e+000	2.519341e+000	2.895612e+000	2.894760e+000
2.861520058333362e-007	0.000000e+000	2.498148e+000	2.895514e+000	2.894756e+000
2.878609902083362e-007	0.000000e+000	2.476540e+000	2.895425e+000	2.894751e+000
2.895699745833362e-007	0.000000e+000	2.454521e+000	2.895343e+000	2.894745e+000
2.912789589583362e-007	0.000000e+000	2.432095e+000	2.895267e+000	2.894738e+000
2.929879433333363e-007	0.000000e+000	2.409264e+000	2.895196e+000	2.894731e+000
2.946969277083363e-007	0.000000e+000	2.386034e+000	2.895131e+000	2.894723e+000
2.964059120833363e-007	0.000000e+000	2.362407e+000	2.895070e+000	2.894714e+000
2.981148964583363e-007	0.000000e+000	2.338388e+000	2.895012e+000	2.894704e+000
2.998238808333363e-007	0.000000e+000	2.313981e+000	2.894958e+000	2.894693e+000
3.015328652083363e-007	0.000000e+000	2.289190e+000	2.894907e+000	2.894681e+000
3.032418495833363e-007	0.000000e+000	2.264018e+000	2.894858e+000	2.894669e+000
3.049508339583364e-007	0.000000e+000	2.238471e+000	2.894811e+000	2.894656e+000
3.066598183333364e-007	0.000000e+000	2.212552e+000	2.894767e+000	2.894642e+000
3.083688027083364e-007	0.000000e+000	2.186266e+000	2.894725e+000	2.894627e+000
3.100777870833364e-007	0.000000e+000	2.159616e+000	2.894684e+000	2.894612e+000
3.134957558333364e-007	0.000000e+000	2.105247e+000	2.894606e+000	2.894579e+000
3.169137245833365e-007	0.000000e+000	2.049381e+000	2.894534e+000	2.894544e+000
3.203316933333365e-007	0.000000e+000	1.992251e+000	2.894463e+000	2.894507e+000
3.237496620833365e-007	0.000000e+000	1.933858e+000	2.894394e+000	2.894467e+000
3.271676308333366e-007	0.000000e+000	1.874201e+000	2.894325e+000	2.894425e+000
3.305855995833366e-007	0.000000e+000	1.813280e+000	2.894258e+000	2.894381e+000
3.340035683333366e-007	0.000000e+000	1.751096e+000	2.894192e+000	2.894334e+000
3.374215370833366e-007	0.000000e+000	1.687648e+000	2.894127e+000	2.894285e+000
3.454781777083367e-007	0.000000e+000	1.532434e+000	2.893971e+000	2.894161e+000
3.535348183333368e-007	0.000000e+000	1.373082e+000	2.893804e+000	2.894024e+000
3.615914589583369e-007	0.000000e+000	1.209593e+000	2.893625e+000	2.893875e+000
3.696480995833369e-007	0.000000e+000	1.041964e+000	2.893434e+000	2.893711e+000
3.777047402083370e-007	0.000000e+000	8.701978e-001	2.893232e+000	2.893535e+000
3.857613808333371e-007	0.000000e+000	6.942932e-001	2.893018e+000	2.893345e+000
3.938180214583371e-007	0.000000e+000	5.142502e-001	2.892793e+000	2.893142e+000
3.970821136309557e-007	0.000000e+000	4.412517e-001	2.892696e+000	2.893056e+000
4.003462058035742e-007	0.000000e+000	3.680980e-001	2.892598e+000	2.892967e+000
4.036102979761928e-007	0.000000e+000	2.947889e-001	2.892496e+000	2.892875e+000
4.068743901488113e-007	0.000000e+000	2.213246e-001	2.892393e+000	2.892782e+000
4.101384823214299e-007	0.000000e+000	1.477050e-001	2.892287e+000	2.892686e+000
4.134025744940484e-007	0.000000e+000	7.393014e-002	2.892178e+000	2.892588e+000
4.166666666666670e-007	0.000000e+000	-6.293944e-015	2.892068e+000	2.892487e+000
4.166667666666670e-007	1.000000e-001	-2.261947e-006	2.892068e+000	2.892487e+000
4.166669666666670e-007	3.000000e-001	-6.785840e-006	2.892061e+000	2.892483e+000
4.166673666666669e-007	7.000000e-001	-1.583363e-005	2.892021e+000	2.892462e+000
4.166676666666670e-007	1.000000e+000	-2.261947e-005	2.891971e+000	2.892436e+000
4.166677466666669e-007	1.000000e+000	-2.442902e-005	2.891956e+000	2.892427e+000
4.166679066666669e-007	1.000000e+000	-2.804814e-005	2.891924e+000	2.892411e+000
4.166682266666669e-007	1.000000e+000	-3.528637e-005	2.891862e+000	2.892378e+000
4.166688666666669e-007	1.000000e+000	-4.976283e-005	2.891737e+000	2.892311e+000
4.166727066666668e-007	1.000000e+000	-1.366216e-004	2.890985e+000	2.891913e+000
4.180230291666573e-007	1.000000e+000	-3.068591e-002	2.641802e+000	2.755267e+000
4.193733516666479e-007	1.000000e+000	-6.122425e-002	2.406986e+000	2.622722e+000
4.207236741666384e-007	1.000000e+000	-9.175162e-002	2.186537e+000	2.494276e+000
4.220739966666290e-007	1.000000e+000	-1.222680e-001	1.980457e+000	2.369930e+000
4.234243191666195e-007	1.000000e+000	-1.527735e-001	1.788744e+000	2.249684e+000
4.247746416666101e-007	1.000000e+000	-1.832680e-001	1.611399e+000	2.133538e+000
4.261249641666006e-007	1.000000e+000	-2.137515e-001	1.448422e+000	2.021492e+000
4.278339485416006e-007	1.000000e+000	-2.522891e-001	1.254769e+000	1.884497e+000
4.295429329166006e-007	1.000000e+000	-2.907849e-001	1.077045e+000	1.753022e+000
4.312519172916006e-007	1.000000e+000	-3.292324e-001	9.136468e-001	1.626771e+000
4.329609016666007e-007	1.000000e+000	-3.676252e-001	7.631339e-001	1.505466e+000
4.346698860416007e-007	1.000000e+000	-4.059570e-001	6.242123e-001	1.388843e+000
4.363788704166007e-007	1.000000e+000	-4.442213e-001	4.957190e-001	1.276653e+000
4.380878547916007e-007	1.000000e+000	-4.824120e-001	3.766097e-001	1.168661e+000
4.397968391666007e-007	1.000000e+000	-5.205225e-001	2.659464e-001	1.064643e+000
4.415058235416007e-007	1.000000e+000	-5.585466e-001	1.628871e-001	9.643897e-001
4.432148079166008e-007	1.000000e+000	-5.964780e-001	6.667584e-002	8.677032e-001
4.449237922916008e-007	1.000000e+000	-6.343103e-001	-2.336534e-002	7.743964e-001
4.466327766666008e-007	1.000000e+000	-6.720373e-001	-1.078444e-001	6.842936e-001
4.483417610416008e-007	1.000000e+000	-7.096528e-001	-1.873057e-001	5.972295e-001
4.500507454166008e-007	1.000000e+000	-7.471504e-001	-2.622368e-001	5.130488e-001
4.517597297916008e-007	1.000000e+000	-7.845240e-001	-3.330728e-001	4.316060e-001
4.534687141666008e-007	1.000000e+000	-8.217672e-001	-4.002020e-001	3.527654e-001
4.551776985416009e-007	1.000000e+000	-8.588741e-001	-4.639694e-001	2.764006e-001
4.568866829166009e-007	1.000000e+000	-8.958384e-001	-5.246803e-001	2.023949e-001
4.585956672916009e-007	1.000000e+000	-9.326539e-001	-5.826032e-001	1.306408e-001
4.603046516666009e-007	1.000000e+000	-9.693146e-001	-6.379723e-001	6.104080e-002
4.620136360416009e-007	1.000000e+000	-1.005814e+000	-6.909899e-001	-6.492882e-003
4.637226204166009e-007	1.000000e+000	-1.042147e+000	-7.418288e-001	-7.203846e-002
4.654316047916009e-007	1.000000e+000	-1.078307e+000	-7.906365e-001	-1.356655e-001
4.671405891666010e-007	1.000000e+000	-1.114287e+000	-8.375397e-001	-1.974365e-001
4.688495735416010e-007	1.000000e+000	-1.150083e+000	-8.826506e-001	-2.574099e-001
4.705585579166010e-007	1.000000e+000	-1.185688e+000	-9.260725e-001	-3.156422e-001
4.722675422916010e-007	1.000000e+000	-1.221096e+000	-9.679052e-001	-3.721904e-001
4.739765266666010e-007	1.000000e+000	-1.256301e+000	-1.008247e+000	-4.271135e-001
4.756855110416010e-007	1.000000e+000	-1.291297e+000	-1.047199e+000	-4.804730e-001
4.791034797916010e-007	1.000000e+000	-1.360641e+000	-1.121331e+000	-5.827599e-001
4.842304329166011e-007	1.000000e+000	-1.462949e+000	-1.224603e+000	-7.261281e-001
4.893573860416011e-007	1.000000e+000	-1.563071e+000	-1.320672e+000	-8.590882e-001
4.944843391666012e-007	1.000000e+000	-1.660857e+000	-1.411861e+000	-9.834666e-001
4.996112922916012e-007	1.000000e+000	-1.756162e+000	-1.500076e+000	-1.100931e+000
5.030292610416012e-007	1.000000e+000	-1.818347e+000	-1.557737e+000	-1.175582e+000
5.064472297916013e-007	1.000000e+000	-1.879227e+000	-1.615314e+000	-1.248746e+000
5.098651985416013e-007	1.000000e+000	-1.938800e+000	-1.672807e+000	-1.320422e+000
5.132831672916013e-007	1.000000e+000	-1.997067e+000	-1.730216e+000	-1.390610e+000
5.167011360416013e-007	1.000000e+000	-2.054028e+000	-1.787540e+000	-1.459311e+000
5.201191047916014e-007	1.000000e+000	-2.109683e+000	-1.844781e+000	-1.526525e+000
5.235370735416014e-007	1.000000e+000	-2.164032e+000	-1.901938e+000	-1.592251e+000
5.318378547916014e-007	1.000000e+000	-2.290732e+000	-2.044504e+000	-1.750679e+000
5.401386360416016e-007	1.000000e+000	-2.407435e+000	-2.178733e+000	-1.900613e+000
5.484394172916016e-007	1.000000e+000	-2.514142e+000	-2.304626e+000	-2.042055e+000
5.567401985416017e-007	1.000000e+000	-2.610852e+000	-2.422182e+000	-2.175004e+000
5.650409797916018e-007	1.000000e+000	-2.697565e+000	-2.531402e+000	-2.299460e+000
5.733417610416019e-007	1.000000e+000	-2.774282e+000	-2.632285e+000	-2.415423e+000
5.816425422916019e-007	1.000000e+000	-2.841002e+000	-2.724833e+000	-2.522892e+000
5.875924670535160e-007	1.000000e+000	-2.881454e+000	-2.781356e+000	-2.591831e+000
5.935423918154299e-007	1.000000e+000	-2.915981e+000	-2.831909e+000	-2.655010e+000
5.994923165773439e-007	1.000000e+000	-2.944583e+000	-2.876492e+000	-2.712431e+000
6.054422413392580e-007	1.000000e+000	-2.967259e+000	-2.915105e+000	-2.764093e+000
6.113921661011720e-007	1.000000e+000	-2.984011e+000	-2.947747e+000	-2.809996e+000
6.173420908630859e-007	1.000000e+000	-2.994838e+000	-2.974419e+000	-2.850140e+000
6.232920156250000e-007	1.000000e+000	-2.999739e+000	-2.995121e+000	-2.884525e+000
6.241184245835907e-007	1.000000e+000	-2.999932e+000	-2.997536e+000	-2.888832e+000
6.244554233305022e-007	1.000000e+000	-2.999974e+000	-2.998484e+000	-2.890552e+000
6.245516683374513e-007	1.000000e+000	-2.999982e+000	-2.998751e+000	-2.891040e+000
6.247441583513495e-007	1.000000e+000	-2.999995e+000	-2.999282e+000	-2.892012e+000
6.247451583513495e-007	1.000000e+000	-2.999995e+000	-2.999285e+000	-2.892017e+000
6.247471583513496e-007	1.000000e+000	-2.999995e+000	-2.999290e+000	-2.892027e+000
6.247511583513497e-007	1.000000e+000	-2.999995e+000	-2.999301e+000	-2.892047e+000
6.247591583513499e-007	1.000000e+000	-2.999995e+000	-2.999323e+000	-2.892087e+000
6.247751583513504e-007	1.000000e+000	-2.999996e+000	-2.999367e+000	-2.892168e+000
6.248071583513512e-007	1.000000e+000	-2.999997e+000	-2.999454e+000	-2.892328e+000
6.248711583513530e-007	1.000000e+000	-2.999999e+000	-2.999628e+000	-2.892649e+000
6.248729999999964e-007	1.000000e+000	-2.999999e+000	-2.999633e+000	-2.892658e+000
6.248766832972833e-007	1.000000e+000	-2.999999e+000	-2.999643e+000	-2.892677e+000
6.248840498918571e-007	1.000000e+000	-2.999999e+000	-2.999663e+000	-2.892713e+000
6.248987830810046e-007	1.000000e+000	-2.999999e+000	-2.999702e+000	-2.892787e+000
6.249282494592996e-007	1.000000e+000	-3.000000e+000	-2.999782e+000	-2.892934e+000
6.249420672434099e-007	1.000000e+000	-3.000000e+000	-2.999820e+000	-2.893003e+000
6.249697028116305e-007	1.000000e+000	-3.000000e+000	-2.999894e+000	-2.893142e+000
6.249707028116305e-007	1.000000e+000	-3.000000e+000	-2.999897e+000	-2.893147e+000
6.249727028116306e-007	1.000000e+000	-3.000000e+000	-2.999902e+000	-2.893156e+000
6.249767028116307e-007	1.000000e+000	-3.000000e+000	-2.999913e+000	-2.893176e+000
6.249847028116309e-007	1.000000e+000	-3.000000e+000	-2.999935e+000	-2.893216e+000
6.249859999999996e-007	1.000000e+000	-3.000000e+000	-2.999938e+000	-2.893223e+000
6.249885943767368e-007	1.000000e+000	-3.000000e+000	-2.999945e+000	-2.893236e+000
6.249937831302114e-007	1.000000e+000	-3.000000e+000	-2.999959e+000	-2.893261e+000
6.249947831302114e-007	1.000000e+000	-3.000000e+000	-2.999962e+000	-2.893266e+000
6.249967831302114e-007	1.000000e+000	-3.000000e+000	-2.999967e+000	-2.893276e+000
6.249979999999999e-007	1.000000e+000	-3.000000e+000	-2.999970e+000	-2.893283e+000
6.249995662604231e-007	1.000000e+000	-3.000000e+000	-2.999975e+000	-2.893290e+000
6.250005662604231e-007	1.000000e+000	-3.000000e+000	-2.999977e+000	-2.893295e+000
6.250010000000000e-007	1.000000e+000	-3.000000e+000	-2.999979e+000	-2.893297e+000
6.250011000000000e-007	9.000000e-001	-3.000000e+000	-2.999979e+000	-2.893298e+000
6.250013000000000e-007	7.000000e-001	-3.000000e+000	-2.999979e+000	-2.893299e+000
6.250017000000000e-007	3.000000e-001	-3.000000e+000	-2.999978e+000	-2.893300e+000
6.250020000000000e-007	0.000000e+000	-3.000000e+000	-2.999977e+000	-2.893300e+000
6.250020800000000e-007	0.000000e+000	-3.000000e+000	-2.999976e+000	-2.893300e+000
6.250022400000000e-007	0.000000e+000	-3.000000e+000	-2.999975e+000	-2.893300e+000
6.250025600000000e-007	0.000000e+000	-3.000000e+000	-2.999973e+000	-2.893300e+000
6.250032000000000e-007	0.000000e+000	-3.000000e+000	-2.999969e+000	-2.893300e+000
6.250044800000000e-007	0.000000e+000	-3.000000e+000	-2.999960e+000	-2.893300e+000
6.250070400000001e-007	0.000000e+000	-3.000000e+000	-2.999943e+000	-2.893300e+000
6.250121600000002e-007	0.000000e+000	-3.000000e+000	-2.999908e+000	-2.893300e+000
6.250224000000005e-007	0.000000e+000	-3.000000e+000	-2.999840e+000	-2.893300e+000
6.250428800000011e-007	0.000000e+000	-3.000000e+000	-2.999703e+000	-2.893300e+000
6.250838400000022e-007	0.000000e+000	-2.999999e+000	-2.999430e+000	-2.893300e+000
6.251657600000045e-007	0.000000e+000	-2.999997e+000	-2.998886e+000	-2.893300e+000
6.253296000000090e-007	0.000000e+000	-2.999988e+000	-2.997809e+000	-2.893301e+000
6.256572800000180e-007	0.000000e+000	-2.999954e+000	-2.995696e+000	-2.893301e+000
6.263126400000362e-007	0.000000e+000	-2.999816e+000	-2.991626e+000	-2.893302e+000
6.276233600000724e-007	0.000000e+000	-2.999318e+000	-2.983973e+000	-2.893304e+000
6.303089068750724e-007	0.000000e+000	-2.997484e+000	-2.970572e+000	-2.893308e+000
6.329944537500725e-007	0.000000e+000	-2.994428e+000	-2.958646e+000	-2.893312e+000
6.356800006250725e-007	0.000000e+000	-2.990151e+000	-2.948196e+000	-2.893317e+000
6.383655475000724e-007	0.000000e+000	-2.984653e+000	-2.939221e+000	-2.893321e+000
6.410510943750725e-007	0.000000e+000	-2.977933e+000	-2.931722e+000	-2.893326e+000
6.437366412500725e-007	0.000000e+000	-2.969992e+000	-2.925698e+000	-2.893331e+000
6.464221881250726e-007	0.000000e+000	-2.960829e+000	-2.921149e+000	-2.893336e+000
6.495960162500726e-007	0.000000e+000	-2.948414e+000	-2.916434e+000	-2.893343e+000
6.527698443750727e-007	0.000000e+000	-2.934334e+000	-2.912295e+000	-2.893349e+000
6.559436725000727e-007	0.000000e+000	-2.918588e+000	-2.908734e+000	-2.893356e+000
6.591175006250727e-007	0.000000e+000	-2.901176e+000	-2.905750e+000	-2.893362e+000
6.622913287500728e-007	0.000000e+000	-2.882100e+000	-2.903343e+000	-2.893369e+000
6.654651568750728e-007	0.000000e+000	-2.861358e+000	-2.901513e+000	-2.893376e+000
6.686389850000728e-007	0.000000e+000	-2.838951e+000	-2.900260e+000	-2.893382e+000
6.737659381250728e-007	0.000000e+000	-2.799368e+000	-2.898373e+000	-2.893392e+000
6.771839068750728e-007	0.000000e+000	-2.770652e+000	-2.897413e+000	-2.893397e+000
6.806018756250729e-007	0.000000e+000	-2.740096e+000	-2.896639e+000	-2.893402e+000
6.840198443750729e-007	0.000000e+000	-2.707721e+000	-2.896013e+000	-2.893405e+000
6.874378131250729e-007	0.000000e+000	-2.673547e+000	-2.895506e+000	-2.893407e+000
6.891467975000729e-007	0.000000e+000	-2.655793e+000	-2.895290e+000	-2.893407e+000
6.925647662500730e-007	0.000000e+000	-2.618964e+000	-2.894919e+000	-2.893406e+000
6.959827350000730e-007	0.000000e+000	-2.580397e+000	-2.894616e+000	-2.893404e+000
6.994007037500730e-007	0.000000e+000	-2.540116e+000	-2.894367e+000	-2.893399e+000
7.028186725000731e-007	0.000000e+000	-2.498148e+000	-2.894160e+000	-2.893391e+000
7.045276568750731e-007	0.000000e+000	-2.476540e+000	-2.894070e+000	-2.893386e+000
7.062366412500731e-007	0.000000e+000	-2.454521e+000	-2.893987e+000	-2.893381e+000
7.079456256250731e-007	0.000000e+000	-2.432095e+000	-2.893910e+000	-2.893374e+000
7.096546100000731e-007	0.000000e+000	-2.409264e+000	-2.893840e+000	-2.893367e+000
7.113635943750731e-007	0.000000e+000	-2.386034e+000	-2.893774e+000	-2.893359e+000
7.130725787500731e-007	0.000000e+000	-2.362407e+000	-2.893712e+000	-2.893350e+000
7.147815631250732e-007	0.000000e+000	-2.338388e+000	-2.893654e+000	-2.893340e+000
7.164905475000732e-007	0.000000e+000	-2.313981e+000	-2.893599e+000	-2.893329e+000
7.181995318750732e-007	0.000000e+000	-2.289190e+000	-2.893548e+000	-2.893318e+000
7.199085162500732e-007	0.000000e+000	-2.264018e+000	-2.893498e+000	-2.893305e+000
7.216175006250732e-007	0.000000e+000	-2.238471e+000	-2.893452e+000	-2.893292e+000
7.233264850000732e-007	0.000000e+000	-2.212552e+000	-2.893407e+000	-2.893279e+000
7.250354693750732e-007	0.000000e+000	-2.186266e+000	-2.893364e+000	-2.893264e+000
7.267444537500733e-007	0.000000e+000	-2.159616e+000	-2.893323e+000	-2.893249e+000
7.301624225000733e-007	0.000000e+000	-2.105247e+000	-2.893245e+000	-2.893216e+000
7.333362506250733e-007	0.000000e+000	-2.053430e+000	-2.893178e+000	-2.893184e+000
7.365100787500734e-007	0.000000e+000	-2.000514e+000	-2.893112e+000	-2.893150e+000
7.396839068750734e-007	0.000000e+000	-1.946501e+000	-2.893047e+000	-2.893113e+000
7.428577350000734e-007	0.000000e+000	-1.891389e+000	-2.892983e+000	-2.893075e+000
7.460315631250735e-007	0.000000e+000	-1.835179e+000	-2.892920e+000	-2.893034e+000
7.492053912500735e-007	0.000000e+000	-1.777871e+000	-2.892859e+000	-2.892992e+000
7.523792193750735e-007	0.000000e+000	-1.719464e+000	-2.892798e+000	-2.892947e+000
7.606800006250735e-007	0.000000e+000	-1.560675e+000	-2.892639e+000	-2.892822e+000
7.689807818750737e-007	0.000000e+000	-1.397425e+000	-2.892468e+000	-2.892684e+000
7.772815631250737e-007	0.000000e+000	-1.229713e+000	-2.892285e+000	-2.892531e+000
7.855823443750738e-007	0.000000e+000	-1.057539e+000	-2.892090e+000	-2.892364e+000
7.938831256250739e-007	0.000000e+000	-8.809043e-001	-2.891882e+000	-2.892184e+000
8.021839068750740e-007	0.000000e+000	-6.998080e-001	-2.891663e+000	-2.891989e+000
8.104846881250740e-007	0.000000e+000	-5.142502e-001	-2.891431e+000	-2.891780e+000
8.136421742263801e-007	0.000000e+000	-4.436492e-001	-2.891338e+000	-2.891697e+000
8.167996603276862e-007	0.000000e+000	-3.728975e-001	-2.891243e+000	-2.891611e+000
8.199571464289923e-007	0.000000e+000	-3.019952e-001	-2.891145e+000	-2.891523e+000
8.231146325302985e-007	0.000000e+000	-2.309422e-001	-2.891045e+000	-2.891432e+000
8.262721186316045e-007	0.000000e+000	-1.597386e-001	-2.890943e+000	-2.891340e+000
8.294296047329107e-007	0.000000e+000	-8.838439e-002	-2.890839e+000	-2.891246e+000
8.325870908342168e-007	0.000000e+000	-1.687951e-002	-2.890732e+000	-2.891149e+000
8.328787566699043e-007	0.000000e+000	-1.028226e-002	-2.890722e+000	-2.891140e+000
8.328827566699044e-007	0.000000e+000	-1.019178e-002	-2.890722e+000	-2.891140e+000
8.329183280984768e-007	0.000000e+000	-9.387182e-003	-2.890721e+000	-2.891138e+000
8.329538995270493e-007	0.000000e+000	-8.582579e-003	-2.890719e+000	-2.891137e+000
8.329894709556217e-007	0.000000e+000	-7.777975e-003	-2.890718e+000	-2.891136e+000
8.330250423841940e-007	0.000000e+000	-6.973371e-003	-2.890717e+000	-2.891135e+000
8.330606138127664e-007	0.000000e+000	-6.168766e-003	-2.890716e+000	-2.891134e+000
8.330961852413389e-007	0.000000e+000	-5.364161e-003	-2.890715e+000	-2.891133e+000
8.331317566699113e-007	0.000000e+000	-4.559555e-003	-2.890713e+000	-2.891132e+000
8.331377566699114e-007	0.000000e+000	-4.423838e-003	-2.890713e+000	-2.891132e+000
8.331617566699121e-007	0.000000e+000	-3.880972e-003	-2.890712e+000	-2.891131e+000
8.332587566699148e-007	0.000000e+000	-1.686884e-003	-2.890709e+000	-2.891128e+000
8.332647566699150e-007	0.000000e+000	-1.551167e-003	-2.890709e+000	-2.891128e+000
8.332727400009274e-007	0.000000e+000	-1.370589e-003	-2.890708e+000	-2.891127e+000
8.332807233319398e-007	0.000000e+000	-1.190010e-003	-2.890708e+000	-2.891127e+000
8.332887066629523e-007	0.000000e+000	-1.009431e-003	-2.890708e+000	-2.891127e+000
8.332966899939648e-007	0.000000e+000	-8.288528e-004	-2.890708e+000	-2.891127e+000
8.333046733249773e-007	0.000000e+000	-6.482741e-004	-2.890707e+000	-2.891126e+000
8.333126566559896e-007	0.000000e+000	-4.676954e-004	-2.890707e+000	-2.891126e+000
8.333206399870021e-007	0.000000e+000	-2.871167e-004	-2.890707e+000	-2.891126e+000
8.333276399870023e-007	0.000000e+000	-1.287805e-004	-2.890707e+000	-2.891126e+000
8.333326399870024e-007	0.000000e+000	-1.568312e-005	-2.890707e+000	-2.891125e+000
8.333333333333340e-007	0.000000e+000	1.258789e-014	-2.890707e+000	-2.891125e+000
8.333334333333340e-007	1.000000e-001	2.261947e-006	-2.890707e+000	-2.891125e+000
8.333336333333340e-007	3.000000e-001	6.785840e-006	-2.890700e+000	-2.891122e+000
8.333340333333340e-007	7.000000e-001	1.583363e-005	-2.890660e+000	-2.891101e+000
8.333343333333340e-007	1.000000e+000	2.261947e-005	-2.890610e+000	-2.891074e+000
8.333344133333340e-007	1.000000e+000	2.442902e-005	-2.890594e+000	-2.891066e+000
8.333345733333340e-007	1.000000e+000	2.804814e-005	-2.890563e+000	-2.891049e+000
8.333348933333340e-007	1.000000e+000	3.528637e-005	-2.890501e+000	-2.891016e+000
8.333355333333340e-007	1.000000e+000	4.976283e-005	-2.890376e+000	-2.890950e+000
8.333368133333340e-007	1.000000e+000	7.871575e-005	-2.890125e+000	-2.890817e+000
8.333444933333342e-007	1.000000e+000	2.524333e-004	-2.888624e+000	-2.890020e+000
8.334161733333362e-007	1.000000e+000	1.873796e-003	-2.874652e+000	-2.882594e+000
8.347555244047748e-007	1.000000e+000	3.217470e-002	-2.628609e+000	-2.747380e+000
8.360948754762134e-007	1.000000e+000	6.246471e-002	-2.396628e+000	-2.616186e+000
8.374342265476520e-007	1.000000e+000	9.274384e-002	-2.178711e+000	-2.489010e+000
8.387735776190907e-007	1.000000e+000	1.230121e-001	-1.974857e+000	-2.365854e+000
8.401129286905292e-007	1.000000e+000	1.532694e-001	-1.785067e+000	-2.246717e+000
8.414522797619679e-007	1.000000e+000	1.835159e-001	-1.609339e+000	-2.131600e+000
8.427916308334064e-007	1.000000e+000	2.137515e-001	-1.447675e+000	-2.020502e+000
8.445006152084065e-007	1.000000e+000	2.522891e-001	-1.254100e+000	-1.883563e+000
8.462095995834065e-007	1.000000e+000	2.907849e-001	-1.076446e+000	-1.752140e+000
8.479185839584065e-007	1.000000e+000	3.292324e-001	-9.131097e-001	-1.625939e+000
8.496275683334065e-007	1.000000e+000	3.676252e-001	-7.626530e-001	-1.504681e+000
8.513365527084065e-007	1.000000e+000	4.059570e-001	-6.237817e-001	-1.388102e+000
8.530455370834065e-007	1.000000e+000	4.442213e-001	-4.953338e-001	-1.275954e+000
8.547545214584065e-007	1.000000e+000	4.824120e-001	-3.762652e-001	-1.168001e+000
8.564635058334066e-007	1.000000e+000	5.205225e-001	-2.656385e-001	-1.064020e+000
8.581724902084066e-007	1.000000e+000	5.585466e-001	-1.626121e-001	-9.638025e-001
8.598814745834066e-007	1.000000e+000	5.964780e-001	-6.643035e-002	-8.671493e-001
8.615904589584066e-007	1.000000e+000	6.343103e-001	2.358428e-002	-7.738740e-001
8.632994433334066e-007	1.000000e+000	6.720373e-001	1.080394e-001	-6.838011e-001
8.650084277084066e-007	1.000000e+000	7.096528e-001	1.874792e-001	-5.967651e-001
8.667174120834067e-007	1.000000e+000	7.471504e-001	2.623909e-001	-5.126110e-001
8.684263964584067e-007	1.000000e+000	7.845240e-001	3.332095e-001	-4.311934e-001
8.701353808334067e-007	1.000000e+000	8.217672e-001	4.003229e-001	-3.523767e-001
8.718443652084067e-007	1.000000e+000	8.588741e-001	4.640761e-001	-2.760345e-001
8.735533495834067e-007	1.000000e+000	8.958384e-001	5.247740e-001	-2.020502e-001
8.752623339584067e-007	1.000000e+000	9.326539e-001	5.826851e-001	-1.303164e-001
8.769713183334067e-007	1.000000e+000	9.693146e-001	6.380435e-001	-6.073566e-002
8.786803027084068e-007	1.000000e+000	1.005814e+000	6.910512e-001	6.779709e-003
8.803892870834068e-007	1.000000e+000	1.042147e+000	7.418811e-001	7.230786e-002
8.820982714584068e-007	1.000000e+000	1.078307e+000	7.906803e-001	1.359183e-001
8.838072558334068e-007	1.000000e+000	1.114287e+000	8.375757e-001	1.976735e-001
8.855162402084068e-007	1.000000e+000	1.150083e+000	8.826792e-001	2.576318e-001
8.872252245834068e-007	1.000000e+000	1.185688e+000	9.260943e-001	3.158496e-001
8.889342089584069e-007	1.000000e+000	1.221096e+000	9.679207e-001	3.723841e-001
8.906431933334069e-007	1.000000e+000	1.256301e+000	1.008257e+000	4.272942e-001
8.923521777084069e-007	1.000000e+000	1.291297e+000	1.047203e+000	4.806413e-001
8.957701464584069e-007	1.000000e+000	1.360641e+000	1.121326e+000	5.829054e-001
9.008970995834070e-007	1.000000e+000	1.462949e+000	1.224588e+000	7.262442e-001
9.060240527084070e-007	1.000000e+000	1.563071e+000	1.320651e+000	8.591803e-001
9.111510058334070e-007	1.000000e+000	1.660857e+000	1.411837e+000	9.835394e-001
9.162779589584071e-007	1.000000e+000	1.756162e+000	1.500053e+000	1.100989e+000
9.196959277084071e-007	1.000000e+000	1.818347e+000	1.557715e+000	1.175632e+000
9.231138964584072e-007	1.000000e+000	1.879227e+000	1.615294e+000	1.248789e+000
9.265318652084072e-007	1.000000e+000	1.938800e+000	1.672789e+000	1.320460e+000
9.299498339584072e-007	1.000000e+000	1.997067e+000	1.730200e+000	1.390643e+000
9.333678027084072e-007	1.000000e+000	2.054028e+000	1.787528e+000	1.459340e+000
9.367857714584073e-007	1.000000e+000	2.109683e+000	1.844771e+000	1.526551e+000
9.402037402084073e-007	1.000000e+000	2.164032e+000	1.901931e+000	1.592275e+000
9.470396777084074e-007	1.000000e+000	2.268776e+000	2.018621e+000	1.722611e+000
9.538756152084074e-007	1.000000e+000	2.366895e+000	2.130287e+000	1.847545e+000
9.607115527084075e-007	1.000000e+000	2.458389e+000	2.236928e+000	1.967078e+000
9.675474902084075e-007	1.000000e+000	2.543258e+000	2.338543e+000	2.081208e+000
9.743834277084076e-007	1.000000e+000	2.621502e+000	2.435134e+000	2.189937e+000
9.812193652084077e-007	1.000000e+000	2.693120e+000	2.526700e+000	2.293264e+000
9.880553027084077e-007	1.000000e+000	2.758114e+000	2.613241e+000	2.391189e+000
9.954700712203018e-007	1.000000e+000	2.820016e+000	2.695665e+000	2.488312e+000
1.002884839732196e-006	1.000000e+000	2.872790e+000	2.768800e+000	2.576554e+000
1.010299608244090e-006	1.000000e+000	2.916436e+000	2.832645e+000	2.655913e+000
1.017714376755984e-006	1.000000e+000	2.950954e+000	2.887199e+000	2.726390e+000
1.025129145267879e-006	1.000000e+000	2.976344e+000	2.932463e+000	2.787984e+000
1.032543913779773e-006	1.000000e+000	2.992606e+000	2.968437e+000	2.840696e+000
1.039958682291667e-006	1.000000e+000	2.999739e+000	2.995121e+000	2.884526e+000
1.041218334995228e-006	1.000000e+000	2.999982e+000	2.998751e+000	2.891041e+000
1.041410824979121e-006	1.000000e+000	2.999995e+000	2.999281e+000	2.892012e+000
1.041411824979121e-006	1.000000e+000	2.999995e+000	2.999284e+000	2.892017e+000
1.041413824979121e-006	1.000000e+000	2.999995e+000	2.999290e+000	2.892028e+000
1.041417824979121e-006	1.000000e+000	2.999995e+000	2.999300e+000	2.892048e+000
1.041425824979121e-006	1.000000e+000	2.999995e+000	2.999322e+000	2.892088e+000
1.041441824979122e-006	1.000000e+000	2.999996e+000	2.999366e+000	2.892168e+000
1.041473824979123e-006	1.000000e+000	2.999997e+000	2.999453e+000	2.892329e+000
1.041537824979124e-006	1.000000e+000	2.999999e+000	2.999627e+000	2.892650e+000
1.041539666666663e-006	1.000000e+000	2.999999e+000	2.999632e+000	2.892659e+000
1.041543350041742e-006	1.000000e+000	2.999999e+000	2.999642e+000	2.892677e+000
1.041550716791899e-006	1.000000e+000	2.999999e+000	2.999662e+000	2.892714e+000
1.041565450292212e-006	1.000000e+000	2.999999e+000	2.999702e+000	2.892788e+000
1.041594917292839e-006	1.000000e+000	3.000000e+000	2.999782e+000	2.892935e+000
1.041608732665413e-006	1.000000e+000	3.000000e+000	2.999819e+000	2.893004e+000
1.041636363410560e-006	1.000000e+000	3.000000e+000	2.999894e+000	2.893142e+000
1.041637363410560e-006	1.000000e+000	3.000000e+000	2.999897e+000	2.893147e+000
1.041639363410560e-006	1.000000e+000	3.000000e+000	2.999902e+000	2.893157e+000
1.041643363410560e-006	1.000000e+000	3.000000e+000	2.999913e+000	2.893177e+000
1.041651363410561e-006	1.000000e+000	3.000000e+000	2.999934e+000	2.893217e+000
1.041652666666667e-006	1.000000e+000	3.000000e+000	2.999938e+000	2.893224e+000
1.041655273178879e-006	1.000000e+000	3.000000e+000	2.999945e+000	2.893236e+000
1.041660486203303e-006	1.000000e+000	3.000000e+000	2.999959e+000	2.893262e+000
1.041661486203303e-006	1.000000e+000	3.000000e+000	2.999961e+000	2.893267e+000
1.041663486203303e-006	1.000000e+000	3.000000e+000	2.999967e+000	2.893277e+000
1.041664666666667e-006	1.000000e+000	3.000000e+000	2.999970e+000	2.893283e+000
1.041666027593394e-006	1.000000e+000	3.000000e+000	2.999974e+000	2.893290e+000
1.041667027593394e-006	1.000000e+000	3.000000e+000	2.999976e+000	2.893295e+000
1.041667666666667e-006	1.000000e+000	3.000000e+000	2.999978e+000	2.893298e+000
1.041667766666667e-006	9.000000e-001	3.000000e+000	2.999978e+000	2.893299e+000
1.041667966666667e-006	7.000000e-001	3.000000e+000	2.999979e+000	2.893300e+000
1.041668366666667e-006	3.000000e-001	3.000000e+000	2.999978e+000	2.893301e+000
1.041668666666667e-006	0.000000e+000	3.000000e+000	2.999976e+000	2.893301e+000
1.041668746666667e-006	0.000000e+000	3.000000e+000	2.999975e+000	2.893301e+000
1.041668906666667e-006	0.000000e+000	3.000000e+000	2.999974e+000	2.893301e+000
1.041669226666667e-006	0.000000e+000	3.000000e+000	2.999972e+000	2.893301e+000
1.041669866666667e-006	0.000000e+000	3.000000e+000	2.999968e+000	2.893301e+000
1.041671146666667e-006	0.000000e+000	3.000000e+000	2.999959e+000	2.893301e+000
1.041673706666667e-006	0.000000e+000	3.000000e+000	2.999942e+000	2.893301e+000
1.041678826666667e-006	0.000000e+000	3.000000e+000	2.999908e+000	2.893301e+000
1.041689066666668e-006	0.000000e+000	3.000000e+000	2.999839e+000	2.893301e+000
1.041709546666668e-006	0.000000e+000	3.000000e+000	2.999702e+000	2.893301e+000
1.041750506666669e-006	0.000000e+000	2.999999e+000	2.999429e+000	2.893301e+000
1.041832426666672e-006	0.000000e+000	2.999997e+000	2.998886e+000	2.893301e+000
1.041996266666676e-006	0.000000e+000	2.999988e+000	2.997808e+000	2.893301e+000
1.042323946666685e-006	0.000000e+000	2.999954e+000	2.995695e+000	2.893302e+000
1.044290026666739e-006	0.000000e+000	2.999318e+000	2.983973e+000	2.893305e+000
1.046731432916740e-006	0.000000e+000	2.997701e+000	2.971613e+000	2.893308e+000
1.049172839166739e-006	0.000000e+000	2.995075e+000	2.960532e+000	2.893312e+000
1.051614245416740e-006	0.000000e+000	2.991439e+000	2.950729e+000	2.893316e+000
1.054055651666739e-006	0.000000e+000	2.986793e+000	2.942205e+000	2.893320e+000
1.056497057916740e-006	0.000000e+000	2.981138e+000	2.934959e+000	2.893325e+000
1.058938464166739e-006	0.000000e+000	2.974474e+000	2.928991e+000	2.893329e+000
1.061379870416740e-006	0.000000e+000	2.966800e+000	2.924303e+000	2.893334e+000
1.064309557916740e-006	0.000000e+000	2.956246e+000	2.919381e+000	2.893340e+000
1.067239245416740e-006	0.000000e+000	2.944267e+000	2.915033e+000	2.893346e+000
1.070168932916740e-006	0.000000e+000	2.930863e+000	2.911259e+000	2.893352e+000
1.073098620416740e-006	0.000000e+000	2.916032e+000	2.908059e+000	2.893358e+000
1.076028307916740e-006	0.000000e+000	2.899776e+000	2.905433e+000	2.893364e+000
1.078957995416740e-006	0.000000e+000	2.882094e+000	2.903381e+000	2.893370e+000
1.081887682916740e-006	0.000000e+000	2.862986e+000	2.901903e+000	2.893376e+000
1.087014636041740e-006	0.000000e+000	2.826225e+000	2.899563e+000	2.893386e+000
1.092141589166740e-006	0.000000e+000	2.785241e+000	2.897868e+000	2.893395e+000
1.095559557916740e-006	0.000000e+000	2.755603e+000	2.897006e+000	2.893400e+000
1.098977526666740e-006	0.000000e+000	2.724135e+000	2.896310e+000	2.893404e+000
1.102395495416740e-006	0.000000e+000	2.690857e+000	2.895747e+000	2.893407e+000
1.104104479791740e-006	0.000000e+000	2.673547e+000	2.895507e+000	2.893407e+000
1.105813464166740e-006	0.000000e+000	2.655793e+000	2.895291e+000	2.893408e+000
1.109231432916740e-006	0.000000e+000	2.618964e+000	2.894920e+000	2.893407e+000
1.112649401666740e-006	0.000000e+000	2.580397e+000	2.894617e+000	2.893404e+000
1.116067370416740e-006	0.000000e+000	2.540116e+000	2.894367e+000	2.893399e+000
1.119485339166740e-006	0.000000e+000	2.498148e+000	2.894161e+000	2.893392e+000
1.121194323541740e-006	0.000000e+000	2.476540e+000	2.894071e+000	2.893387e+000
1.122903307916740e-006	0.000000e+000	2.454521e+000	2.893988e+000	2.893381e+000
1.124612292291740e-006	0.000000e+000	2.432095e+000	2.893911e+000	2.893375e+000
1.126321276666740e-006	0.000000e+000	2.409264e+000	2.893840e+000	2.893368e+000
1.128030261041740e-006	0.000000e+000	2.386034e+000	2.893774e+000	2.893360e+000
1.129739245416740e-006	0.000000e+000	2.362407e+000	2.893713e+000	2.893351e+000
1.131448229791740e-006	0.000000e+000	2.338388e+000	2.893654e+000	2.893341e+000
1.133157214166740e-006	0.000000e+000	2.313981e+000	2.893600e+000	2.893330e+000
1.134866198541740e-006	0.000000e+000	2.289190e+000	2.893548e+000	2.893318e+000
1.136575182916740e-006	0.000000e+000	2.264018e+000	2.893499e+000	2.893306e+000
1.138284167291740e-006	0.000000e+000	2.238471e+000	2.893453e+000	2.893293e+000
1.139993151666740e-006	0.000000e+000	2.212552e+000	2.893408e+000	2.893279e+000
1.141702136041740e-006	0.000000e+000	2.186266e+000	2.893365e+000	2.893265e+000
1.143411120416740e-006	0.000000e+000	2.159616e+000	2.893324e+000	2.893250e+000
1.146829089166740e-006	0.000000e+000	2.105247e+000	2.893246e+000	2.893217e+000
1.150002917291740e-006	0.000000e+000	2.053430e+000	2.893178e+000	2.893185e+000
1.153176745416740e-006	0.000000e+000	2.000514e+000	2.893112e+000	2.893150e+000
1.156350573541740e-006	0.000000e+000	1.946501e+000	2.893047e+000	2.893114e+000
1.159524401666741e-006	0.000000e+000	1.891389e+000	2.892984e+000	2.893075e+000
1.162698229791741e-006	0.000000e+000	1.835179e+000	2.892921e+000	2.893035e+000
1.165872057916741e-006	0.000000e+000	1.777871e+000	2.892860e+000	2.892992e+000
1.169045886041741e-006	0.000000e+000	1.719464e+000	2.892799e+000	2.892948e+000
1.177346667291741e-006	0.000000e+000	1.560675e+000	2.892640e+000	2.892823e+000
1.185647448541741e-006	0.000000e+000	1.397425e+000	2.892469e+000	2.892685e+000
1.193948229791741e-006	0.000000e+000	1.229713e+000	2.892286e+000	2.892532e+000
1.202249011041741e-006	0.000000e+000	1.057539e+000	2.892090e+000	2.892365e+000
1.210549792291741e-006	0.000000e+000	8.809043e-001	2.891883e+000	2.892185e+000
1.218850573541741e-006	0.000000e+000	6.998080e-001	2.891664e+000	2.891990e+000
1.227151354791741e-006	0.000000e+000	5.142502e-001	2.891432e+000	2.891781e+000
1.230308840893047e-006	0.000000e+000	4.436492e-001	2.891339e+000	2.891697e+000
1.233466326994353e-006	0.000000e+000	3.728975e-001	2.891244e+000	2.891612e+000
1.236623813095659e-006	0.000000e+000	3.019952e-001	2.891146e+000	2.891524e+000
1.239781299196965e-006	0.000000e+000	2.309422e-001	2.891046e+000	2.891433e+000
1.242938785298272e-006	0.000000e+000	1.597386e-001	2.890944e+000	2.891341e+000
1.246096271399578e-006	0.000000e+000	8.838439e-002	2.890839e+000	2.891246e+000
1.249253757500884e-006	0.000000e+000	1.687951e-002	2.890733e+000	2.891150e+000
1.249545423336571e-006	0.000000e+000	1.028226e-002	2.890723e+000	2.891140e+000
1.249549423336571e-006	0.000000e+000	1.019178e-002	2.890723e+000	2.891140e+000
1.249585280479430e-006	0.000000e+000	9.380719e-003	2.890721e+000	2.891139e+000
1.249621137622288e-006	0.000000e+000	8.569653e-003	2.890720e+000	2.891138e+000
1.249656994765146e-006	0.000000e+000	7.758587e-003	2.890719e+000	2.891137e+000
1.249692851908004e-006	0.000000e+000	6.947520e-003	2.890718e+000	2.891136e+000
1.249728709050862e-006	0.000000e+000	6.136453e-003	2.890716e+000	2.891135e+000
1.249764566193720e-006	0.000000e+000	5.325385e-003	2.890715e+000	2.891134e+000
1.249800423336578e-006	0.000000e+000	4.514316e-003	2.890714e+000	2.891132e+000
1.249804423336578e-006	0.000000e+000	4.423838e-003	2.890714e+000	2.891132e+000
1.249821709050865e-006	0.000000e+000	4.032845e-003	2.890713e+000	2.891132e+000
1.249838994765151e-006	0.000000e+000	3.641852e-003	2.890713e+000	2.891131e+000
1.249856280479437e-006	0.000000e+000	3.250858e-003	2.890712e+000	2.891131e+000
1.249873566193723e-006	0.000000e+000	2.859865e-003	2.890711e+000	2.891130e+000
1.249890851908009e-006	0.000000e+000	2.468871e-003	2.890711e+000	2.891130e+000
1.249908137622296e-006	0.000000e+000	2.077878e-003	2.890710e+000	2.891129e+000
1.249925423336582e-006	0.000000e+000	1.686884e-003	2.890710e+000	2.891129e+000
1.249931423336582e-006	0.000000e+000	1.551167e-003	2.890710e+000	2.891128e+000
1.249939406667594e-006	0.000000e+000	1.370589e-003	2.890709e+000	2.891128e+000
1.249947389998607e-006	0.000000e+000	1.190010e-003	2.890709e+000	2.891128e+000
1.249955373329619e-006	0.000000e+000	1.009431e-003	2.890709e+000	2.891127e+000
1.249963356660632e-006	0.000000e+000	8.288528e-004	2.890708e+000	2.891127e+000
1.249971339991644e-006	0.000000e+000	6.482741e-004	2.890708e+000	2.891127e+000
1.249979323322657e-006	0.000000e+000	4.676954e-004	2.890708e+000	2.891127e+000
1.249987306653669e-006	0.000000e+000	2.871167e-004	2.890707e+000	2.891127e+000
1.249993306653669e-006	0.000000e+000	1.513999e-004	2.890707e+000	2.891126e+000
1.249997306653669e-006	0.000000e+000	6.092206e-005	2.890707e+000	2.891126e+000
1.249999306653669e-006	0.000000e+000	1.568312e-005	2.890707e+000	2.891126e+000
1.250000000000001e-006	0.000000e+000	-2.021410e-014	2.890707e+000	2.891126e+000
1.250000100000001e-006	1.000000e-001	-2.261947e-006	2.890707e+000	2.891126e+000
1.250000300000001e-006	3.000000e-001	-6.785840e-006	2.890701e+000	2.891123e+000
1.250000700000001e-006	7.000000e-001	-1.583363e-005	2.890661e+000	2.891101e+000
1.250001000000001e-006	1.000000e+000	-2.261947e-005	2.890611e+000	2.891075e+000
1.250001080000001e-006	1.000000e+000	-2.442902e-005	2.890595e+000	2.891067e+000
1.250001240000001e-006	1.000000e+000	-2.804814e-005	2.890564e+000	2.891050e+000
1.250001560000001e-006	1.000000e+000	-3.528637e-005	2.890501e+000	2.891017e+000
1.250002200000001e-006	1.000000e+000	-4.976283e-005	2.890376e+000	2.890951e+000
1.250003480000001e-006	1.000000e+000	-7.871575e-005	2.890126e+000	2.890818e+000
1.251354168214297e-006	1.000000e+000	-3.063629e-002	2.640950e+000	2.754187e+000
1.252704856428593e-006	1.000000e+000	-6.118290e-002	2.406144e+000	2.621655e+000
1.254055544642889e-006	1.000000e+000	-9.171854e-002	2.185709e+000	2.493224e+000
1.255406232857185e-006	1.000000e+000	-1.222432e-001	1.979645e+000	2.368894e+000
1.256756921071481e-006	1.000000e+000	-1.527569e-001	1.787951e+000	2.248663e+000
1.258107609285777e-006	1.000000e+000	-1.832597e-001	1.610628e+000	2.132533e+000
1.259458297500073e-006	1.000000e+000	-2.137515e-001	1.447676e+000	2.020502e+000
1.261167281875073e-006	1.000000e+000	-2.522891e-001	1.254100e+000	1.883563e+000
1.262876266250074e-006	1.000000e+000	-2.907849e-001	1.076446e+000	1.752140e+000
1.264585250625074e-006	1.000000e+000	-3.292324e-001	9.131100e-001	1.625939e+000
1.266294235000074e-006	1.000000e+000	-3.676252e-001	7.626532e-001	1.504681e+000
1.268003219375074e-006	1.000000e+000	-4.059570e-001	6.237820e-001	1.388103e+000
1.269712203750074e-006	1.000000e+000	-4.442213e-001	4.953340e-001	1.275954e+000
1.271421188125074e-006	1.000000e+000	-4.824120e-001	3.762654e-001	1.168001e+000
1.273130172500074e-006	1.000000e+000	-5.205225e-001	2.656387e-001	1.064021e+000
1.274839156875074e-006	1.000000e+000	-5.585466e-001	1.626122e-001	9.638028e-001
1.276548141250074e-006	1.000000e+000	-5.964780e-001	6.643047e-002	8.671496e-001
1.278257125625074e-006	1.000000e+000	-6.343103e-001	-2.358416e-002	7.738743e-001
1.279966110000074e-006	1.000000e+000	-6.720373e-001	-1.080393e-001	6.838014e-001
1.281675094375074e-006	1.000000e+000	-7.096528e-001	-1.874791e-001	5.967654e-001
1.283384078750074e-006	1.000000e+000	-7.471504e-001	-2.623908e-001	5.126113e-001
1.285093063125074e-006	1.000000e+000	-7.845240e-001	-3.332094e-001	4.311936e-001
1.286802047500074e-006	1.000000e+000	-8.217672e-001	-4.003229e-001	3.523769e-001
1.288511031875074e-006	1.000000e+000	-8.588741e-001	-4.640760e-001	2.760347e-001
1.290220016250074e-006	1.000000e+000	-8.958384e-001	-5.247740e-001	2.020504e-001
1.291929000625074e-006	1.000000e+000	-9.326539e-001	-5.826851e-001	1.303166e-001
1.293637985000074e-006	1.000000e+000	-9.693146e-001	-6.380435e-001	6.073583e-002
1.295346969375074e-006	1.000000e+000	-1.005814e+000	-6.910512e-001	-6.779552e-003
1.297055953750074e-006	1.000000e+000	-1.042147e+000	-7.418811e-001	-7.230771e-002
1.298764938125074e-006	1.000000e+000	-1.078307e+000	-7.906803e-001	-1.359181e-001
1.300473922500074e-006	1.000000e+000	-1.114287e+000	-8.375757e-001	-1.976734e-001
1.302182906875074e-006	1.000000e+000	-1.150083e+000	-8.826792e-001	-2.576317e-001
1.303891891250074e-006	1.000000e+000	-1.185688e+000	-9.260943e-001	-3.158495e-001
1.305600875625074e-006	1.000000e+000	-1.221096e+000	-9.679207e-001	-3.723840e-001
1.307309860000074e-006	1.000000e+000	-1.256301e+000	-1.008257e+000	-4.272941e-001
1.309018844375074e-006	1.000000e+000	-1.291297e+000	-1.047203e+000	-4.806412e-001
1.312436813125074e-006	1.000000e+000	-1.360641e+000	-1.121326e+000	-5.829054e-001
1.317563766250074e-006	1.000000e+000	-1.462949e+000	-1.224588e+000	-7.262442e-001
1.322690719375074e-006	1.000000e+000	-1.563071e+000	-1.320651e+000	-8.591803e-001
1.327817672500074e-006	1.000000e+000	-1.660857e+000	-1.411837e+000	-9.835393e-001
1.332944625625074e-006	1.000000e+000	-1.756162e+000	-1.500053e+000	-1.100989e+000
1.336362594375074e-006	1.000000e+000	-1.818347e+000	-1.557715e+000	-1.175632e+000
1.339780563125074e-006	1.000000e+000	-1.879227e+000	-1.615294e+000	-1.248789e+000
1.343198531875074e-006	1.000000e+000	-1.938800e+000	-1.672789e+000	-1.320460e+000
1.346616500625074e-006	1.000000e+000	-1.997067e+000	-1.730200e+000	-1.390643e+000
1.350034469375074e-006	1.000000e+000	-2.054028e+000	-1.787528e+000	-1.459340e+000
1.353452438125074e-006	1.000000e+000	-2.109683e+000	-1.844771e+000	-1.526551e+000
1.356870406875074e-006	1.000000e+000	-2.164032e+000	-1.901931e+000	-1.592275e+000
1.363218063125074e-006	1.000000e+000	-2.261424e+000	-2.010043e+000	-1.713269e+000
1.369565719375075e-006	1.000000e+000	-2.353150e+000	-2.114033e+000	-1.829715e+000
1.375913375625075e-006	1.000000e+000	-2.439211e+000	-2.213901e+000	-1.941613e+000
1.382261031875075e-006	1.000000e+000	-2.519606e+000	-2.309648e+000	-2.048964e+000
1.388608688125075e-006	1.000000e+000	-2.594335e+000	-2.401273e+000	-2.151766e+000
1.394956344375075e-006	1.000000e+000	-2.663398e+000	-2.488776e+000	-2.250021e+000
1.401304000625075e-006	1.000000e+000	-2.726795e+000	-2.572158e+000	-2.343727e+000
1.409207050386969e-006	1.000000e+000	-2.796798e+000	-2.664233e+000	-2.451157e+000
1.417110100148863e-006	1.000000e+000	-2.856465e+000	-2.745758e+000	-2.548528e+000
1.425013149910757e-006	1.000000e+000	-2.905794e+000	-2.816732e+000	-2.635843e+000
1.432916199672651e-006	1.000000e+000	-2.944786e+000	-2.877155e+000	-2.713100e+000
1.440819249434546e-006	1.000000e+000	-2.973441e+000	-2.927028e+000	-2.780299e+000
1.448722299196440e-006	1.000000e+000	-2.991759e+000	-2.966350e+000	-2.837441e+000
1.456625348958334e-006	1.000000e+000	-2.999739e+000	-2.995121e+000	-2.884526e+000
1.457066636666816e-006	1.000000e+000	-2.999856e+000	-2.996424e+000	-2.886839e+000
1.457564090834229e-006	1.000000e+000	-2.999949e+000	-2.997854e+000	-2.889409e+000
1.457885001661895e-006	1.000000e+000	-2.999982e+000	-2.998751e+000	-2.891041e+000
1.458077491645788e-006	1.000000e+000	-2.999995e+000	-2.999281e+000	-2.892012e+000
1.458078491645788e-006	1.000000e+000	-2.999995e+000	-2.999284e+000	-2.892017e+000
1.458080491645788e-006	1.000000e+000	-2.999995e+000	-2.999290e+000	-2.892028e+000
1.458084491645788e-006	1.000000e+000	-2.999995e+000	-2.999300e+000	-2.892048e+000
1.458092491645788e-006	1.000000e+000	-2.999995e+000	-2.999322e+000	-2.892088e+000
1.458108491645789e-006	1.000000e+000	-2.999996e+000	-2.999366e+000	-2.892168e+000
1.458140491645789e-006	1.000000e+000	-2.999997e+000	-2.999453e+000	-2.892329e+000
1.458204491645791e-006	1.000000e+000	-2.999999e+000	-2.999627e+000	-2.892650e+000
1.458206333333330e-006	1.000000e+000	-2.999999e+000	-2.999632e+000	-2.892659e+000
1.458210016708409e-006	1.000000e+000	-2.999999e+000	-2.999642e+000	-2.892677e+000
1.458217383458566e-006	1.000000e+000	-2.999999e+000	-2.999662e+000	-2.892714e+000
1.458232116958879e-006	1.000000e+000	-2.999999e+000	-2.999702e+000	-2.892788e+000
1.458261583959506e-006	1.000000e+000	-3.000000e+000	-2.999782e+000	-2.892935e+000
1.458303030077227e-006	1.000000e+000	-3.000000e+000	-2.999894e+000	-2.893142e+000
1.458304030077227e-006	1.000000e+000	-3.000000e+000	-2.999897e+000	-2.893147e+000
1.458306030077227e-006	1.000000e+000	-3.000000e+000	-2.999902e+000	-2.893157e+000
1.458310030077227e-006	1.000000e+000	-3.000000e+000	-2.999913e+000	-2.893177e+000
1.458318030077227e-006	1.000000e+000	-3.000000e+000	-2.999934e+000	-2.893217e+000
1.458319333333334e-006	1.000000e+000	-3.000000e+000	-2.999938e+000	-2.893224e+000
1.458321939845546e-006	1.000000e+000	-3.000000e+000	-2.999945e+000	-2.893236e+000
1.458327152869970e-006	1.000000e+000	-3.000000e+000	-2.999959e+000	-2.893262e+000
1.458328152869970e-006	1.000000e+000	-3.000000e+000	-2.999961e+000	-2.893267e+000
1.458330152869970e-006	1.000000e+000	-3.000000e+000	-2.999967e+000	-2.893277e+000
1.458331333333334e-006	1.000000e+000	-3.000000e+000	-2.999970e+000	-2.893283e+000
1.458332694260061e-006	1.000000e+000	-3.000000e+000	-2.999974e+000	-2.893290e+000
1.458333694260061e-006	1.000000e+000	-3.000000e+000	-2.999976e+000	-2.893295e+000
1.458334333333334e-006	1.000000e+000	-3.000000e+000	-2.999978e+000	-2.893298e+000
1.458334433333334e-006	9.000000e-001	-3.000000e+000	-2.999978e+000	-2.893299e+000
1.458334633333334e-006	7.000000e-001	-3.000000e+000	-2.999979e+000	-2.893300e+000
1.458335033333334e-006	3.000000e-001	-3.000000e+000	-2.999978e+000	-2.893301e+000
1.458335333333334e-006	0.000000e+000	-3.000000e+000	-2.999976e+000	-2.893301e+000
1.458335413333334e-006	0.000000e+000	-3.000000e+000	-2.999975e+000	-2.893301e+000
1.458335573333334e-006	0.000000e+000	-3.000000e+000	-2.999974e+000	-2.893301e+000
1.458335893333334e-006	0.000000e+000	-3.000000e+000	-2.999972e+000	-2.893301e+000
1.458336533333334e-006	0.000000e+000	-3.000000e+000	-2.999968e+000	-2.893301e+000
1.458337813333334e-006	0.000000e+000	-3.000000e+000	-2.999959e+000	-2.893301e+000
1.458340373333334e-006	0.000000e+000	-3.000000e+000	-2.999942e+000	-2.893301e+000
1.458345493333334e-006	0.000000e+000	-3.000000e+000	-2.999908e+000	-2.893301e+000
1.458355733333335e-006	0.000000e+000	-3.000000e+000	-2.999839e+000	-2.893301e+000
1.458376213333335e-006	0.000000e+000	-3.000000e+000	-2.999702e+000	-2.893301e+000
1.458417173333336e-006	0.000000e+000	-2.999999e+000	-2.999429e+000	-2.893301e+000
1.458499093333339e-006	0.000000e+000	-2.999997e+000	-2.998886e+000	-2.893301e+000
1.458662933333343e-006	0.000000e+000	-2.999988e+000	-2.997808e+000	-2.893301e+000
1.458990613333352e-006	0.000000e+000	-2.999954e+000	-2.995695e+000	-2.893302e+000
1.459645973333370e-006	0.000000e+000	-2.999816e+000	-2.991626e+000	-2.893303e+000
1.460956693333406e-006	0.000000e+000	-2.999318e+000	-2.983973e+000	-2.893305e+000
1.463642240208406e-006	0.000000e+000	-2.997484e+000	-2.970572e+000	-2.893309e+000
1.466327787083406e-006	0.000000e+000	-2.994428e+000	-2.958646e+000	-2.893313e+000
1.469013333958406e-006	0.000000e+000	-2.990151e+000	-2.948196e+000	-2.893317e+000
1.471698880833407e-006	0.000000e+000	-2.984653e+000	-2.939221e+000	-2.893322e+000
1.474384427708406e-006	0.000000e+000	-2.977933e+000	-2.931722e+000	-2.893327e+000
1.477069974583407e-006	0.000000e+000	-2.969992e+000	-2.925698e+000	-2.893332e+000
1.479755521458407e-006	0.000000e+000	-2.960829e+000	-2.921150e+000	-2.893337e+000
1.482929349583407e-006	0.000000e+000	-2.948414e+000	-2.916434e+000	-2.893344e+000
1.486103177708407e-006	0.000000e+000	-2.934334e+000	-2.912296e+000	-2.893350e+000
1.489277005833407e-006	0.000000e+000	-2.918588e+000	-2.908735e+000	-2.893357e+000
1.492450833958407e-006	0.000000e+000	-2.901176e+000	-2.905750e+000	-2.893363e+000
1.495624662083407e-006	0.000000e+000	-2.882100e+000	-2.903343e+000	-2.893370e+000
1.498798490208407e-006	0.000000e+000	-2.861358e+000	-2.901513e+000	-2.893377e+000
1.501972318333407e-006	0.000000e+000	-2.838951e+000	-2.900260e+000	-2.893383e+000
1.505390287083407e-006	0.000000e+000	-2.813030e+000	-2.898936e+000	-2.893389e+000
1.508808255833407e-006	0.000000e+000	-2.785241e+000	-2.897868e+000	-2.893395e+000
1.512226224583407e-006	0.000000e+000	-2.755603e+000	-2.897006e+000	-2.893400e+000
1.515644193333407e-006	0.000000e+000	-2.724135e+000	-2.896310e+000	-2.893404e+000
1.519062162083407e-006	0.000000e+000	-2.690857e+000	-2.895747e+000	-2.893407e+000
1.522480130833407e-006	0.000000e+000	-2.655793e+000	-2.895291e+000	-2.893408e+000
1.524189115208407e-006	0.000000e+000	-2.637598e+000	-2.895096e+000	-2.893408e+000
1.527607083958407e-006	0.000000e+000	-2.599897e+000	-2.894761e+000	-2.893406e+000
1.531025052708407e-006	0.000000e+000	-2.560469e+000	-2.894486e+000	-2.893402e+000
1.534443021458407e-006	0.000000e+000	-2.519341e+000	-2.894260e+000	-2.893396e+000
1.536152005833407e-006	0.000000e+000	-2.498148e+000	-2.894161e+000	-2.893392e+000
1.537860990208407e-006	0.000000e+000	-2.476540e+000	-2.894071e+000	-2.893387e+000
1.539569974583407e-006	0.000000e+000	-2.454521e+000	-2.893988e+000	-2.893381e+000
1.541278958958407e-006	0.000000e+000	-2.432095e+000	-2.893911e+000	-2.893375e+000
1.542987943333407e-006	0.000000e+000	-2.409264e+000	-2.893840e+000	-2.893368e+000
1.544696927708407e-006	0.000000e+000	-2.386034e+000	-2.893774e+000	-2.893360e+000
1.546405912083407e-006	0.000000e+000	-2.362407e+000	-2.893713e+000	-2.893351e+000
1.548114896458407e-006	0.000000e+000	-2.338388e+000	-2.893654e+000	-2.893341e+000
1.549823880833407e-006	0.000000e+000	-2.313981e+000	-2.893600e+000	-2.893330e+000
1.551532865208407e-006	0.000000e+000	-2.289190e+000	-2.893548e+000	-2.893318e+000
1.553241849583407e-006	0.000000e+000	-2.264018e+000	-2.893499e+000	-2.893306e+000
1.554950833958407e-006	0.000000e+000	-2.238471e+000	-2.893453e+000	-2.893293e+000
1.556659818333407e-006	0.000000e+000	-2.212552e+000	-2.893408e+000	-2.893279e+000
1.558368802708407e-006	0.000000e+000	-2.186266e+000	-2.893365e+000	-2.893265e+000
1.560077787083407e-006	0.000000e+000	-2.159616e+000	-2.893324e+000	-2.893250e+000
1.563495755833407e-006	0.000000e+000	-2.105247e+000	-2.893246e+000	-2.893217e+000
1.566669583958407e-006	0.000000e+000	-2.053430e+000	-2.893178e+000	-2.893185e+000
1.569843412083407e-006	0.000000e+000	-2.000514e+000	-2.893112e+000	-2.893150e+000
1.573017240208407e-006	0.000000e+000	-1.946501e+000	-2.893047e+000	-2.893114e+000
1.576191068333408e-006	0.000000e+000	-1.891389e+000	-2.892984e+000	-2.893075e+000
1.579364896458408e-006	0.000000e+000	-1.835179e+000	-2.892921e+000	-2.893035e+000
1.582538724583408e-006	0.000000e+000	-1.777871e+000	-2.892860e+000	-2.892992e+000
1.585712552708408e-006	0.000000e+000	-1.719464e+000	-2.892799e+000	-2.892948e+000
1.594013333958408e-006	0.000000e+000	-1.560675e+000	-2.892640e+000	-2.892823e+000
1.602314115208408e-006	0.000000e+000	-1.397425e+000	-2.892469e+000	-2.892685e+000
1.610614896458408e-006	0.000000e+000	-1.229713e+000	-2.892286e+000	-2.892532e+000
1.618915677708408e-006	0.000000e+000	-1.057539e+000	-2.892090e+000	-2.892365e+000
1.627216458958408e-006	0.000000e+000	-8.809043e-001	-2.891883e+000	-2.892185e+000
1.635517240208408e-006	0.000000e+000	-6.998080e-001	-2.891664e+000	-2.891990e+000
1.643818021458408e-006	0.000000e+000	-5.142502e-001	-2.891432e+000	-2.891781e+000
1.646975507559714e-006	0.000000e+000	-4.436492e-001	-2.891339e+000	-2.891697e+000
1.650132993661020e-006	0.000000e+000	-3.728975e-001	-2.891244e+000	-2.891612e+000
1.653290479762326e-006	0.000000e+000	-3.019952e-001	-2.891146e+000	-2.891524e+000
1.656447965863632e-006	0.000000e+000	-2.309422e-001	-2.891046e+000	-2.891433e+000
1.659605451964939e-006	0.000000e+000	-1.597386e-001	-2.890944e+000	-2.891341e+000
1.662762938066245e-006	0.000000e+000	-8.838439e-002	-2.890839e+000	-2.891246e+000
1.665920424167551e-006	0.000000e+000	-1.687951e-002	-2.890733e+000	-2.891150e+000
1.666210090003238e-006	0.000000e+000	-1.032750e-002	-2.890723e+000	-2.891140e+000
1.666212090003238e-006	0.000000e+000	-1.028226e-002	-2.890723e+000	-2.891140e+000
1.666216090003238e-006	0.000000e+000	-1.019178e-002	-2.890723e+000	-2.891140e+000
1.666224090003239e-006	0.000000e+000	-1.001083e-002	-2.890722e+000	-2.891140e+000
1.666467090003245e-006	0.000000e+000	-4.514316e-003	-2.890714e+000	-2.891132e+000
1.666592090003249e-006	0.000000e+000	-1.686884e-003	-2.890710e+000	-2.891129e+000
1.666598090003249e-006	0.000000e+000	-1.551167e-003	-2.890710e+000	-2.891128e+000
1.666606359048547e-006	0.000000e+000	-1.364126e-003	-2.890709e+000	-2.891128e+000
1.666614628093845e-006	0.000000e+000	-1.177085e-003	-2.890709e+000	-2.891128e+000
1.666622897139143e-006	0.000000e+000	-9.900433e-004	-2.890709e+000	-2.891127e+000
1.666631166184442e-006	0.000000e+000	-8.030020e-004	-2.890708e+000	-2.891127e+000
1.666639435229740e-006	0.000000e+000	-6.159606e-004	-2.890708e+000	-2.891127e+000
1.666647704275038e-006	0.000000e+000	-4.289192e-004	-2.890708e+000	-2.891127e+000
1.666655973320336e-006	0.000000e+000	-2.418778e-004	-2.890707e+000	-2.891127e+000
1.666660973320336e-006	0.000000e+000	-1.287805e-004	-2.890707e+000	-2.891126e+000
1.666662973320336e-006	0.000000e+000	-8.354153e-005	-2.890707e+000	-2.891126e+000
1.666664973320336e-006	0.000000e+000	-3.830259e-005	-2.890707e+000	-2.891126e+000
1.666665973320336e-006	0.000000e+000	-1.568312e-005	-2.890707e+000	-2.891126e+000
1.666666666666668e-006	0.000000e+000	2.517578e-014	-2.890707e+000	-2.891126e+000
1.666666766666668e-006	1.000000e-001	2.261947e-006	-2.890707e+000	-2.891126e+000
1.666666966666668e-006	3.000000e-001	6.785840e-006	-2.890701e+000	-2.891123e+000
1.666667366666668e-006	7.000000e-001	1.583363e-005	-2.890661e+000	-2.891101e+000
1.666667666666668e-006	1.000000e+000	2.261947e-005	-2.890611e+000	-2.891075e+000
1.666667746666668e-006	1.000000e+000	2.442902e-005	-2.890595e+000	-2.891067e+000
1.666667906666668e-006	1.000000e+000	2.804814e-005	-2.890564e+000	-2.891050e+000
1.666668226666668e-006	1.000000e+000	3.528637e-005	-2.890501e+000	-2.891017e+000
1.666670146666668e-006	1.000000e+000	7.871575e-005	-2.890126e+000	-2.890818e+000
1.666672706666668e-006	1.000000e+000	1.366216e-004	-2.889626e+000	-2.890552e+000
1.666688066666669e-006	1.000000e+000	4.840566e-004	-2.886625e+000	-2.888959e+000
1.668036194880964e-006	1.000000e+000	3.098367e-002	-2.638160e+000	-2.752649e+000
1.669384323095261e-006	1.000000e+000	6.147234e-002	-2.403995e+000	-2.620420e+000
1.670732451309557e-006	1.000000e+000	9.195006e-002	-2.184130e+000	-2.492273e+000
1.672080579523852e-006	1.000000e+000	1.224168e-001	-1.978566e+000	-2.368208e+000
1.673428707738148e-006	1.000000e+000	1.528727e-001	-1.787302e+000	-2.248224e+000
1.674776835952445e-006	1.000000e+000	1.833176e-001	-1.610339e+000	-2.132322e+000
1.676124964166740e-006	1.000000e+000	2.137515e-001	-1.447676e+000	-2.020502e+000
1.677833948541740e-006	1.000000e+000	2.522891e-001	-1.254100e+000	-1.883563e+000
1.679542932916740e-006	1.000000e+000	2.907849e-001	-1.076446e+000	-1.752140e+000
1.681251917291741e-006	1.000000e+000	3.292324e-001	-9.131100e-001	-1.625939e+000
1.682960901666741e-006	1.000000e+000	3.676252e-001	-7.626532e-001	-1.504681e+000
1.684669886041741e-006	1.000000e+000	4.059570e-001	-6.237820e-001	-1.388103e+000
1.686378870416741e-006	1.000000e+000	4.442213e-001	-4.953340e-001	-1.275954e+000
1.688087854791741e-006	1.000000e+000	4.824120e-001	-3.762654e-001	-1.168001e+000
1.689796839166741e-006	1.000000e+000	5.205225e-001	-2.656387e-001	-1.064021e+000
1.691505823541741e-006	1.000000e+000	5.585466e-001	-1.626122e-001	-9.638028e-001
1.693214807916741e-006	1.000000e+000	5.964780e-001	-6.643047e-002	-8.671496e-001
1.694923792291741e-006	1.000000e+000	6.343103e-001	2.358416e-002	-7.738743e-001
1.696632776666741e-006	1.000000e+000	6.720373e-001	1.080393e-001	-6.838014e-001
1.698341761041741e-006	1.000000e+000	7.096528e-001	1.874791e-001	-5.967654e-001
1.700050745416741e-006	1.000000e+000	7.471504e-001	2.623908e-001	-5.126113e-001
1.701759729791741e-006	1.000000e+000	7.845240e-001	3.332094e-001	-4.311936e-001
1.703468714166741e-006	1.000000e+000	8.217672e-001	4.003229e-001	-3.523769e-001
1.705177698541741e-006	1.000000e+000	8.588741e-001	4.640760e-001	-2.760347e-001
1.706886682916741e-006	1.000000e+000	8.958384e-001	5.247740e-001	-2.020504e-001
1.708595667291741e-006	1.000000e+000	9.326539e-001	5.826851e-001	-1.303166e-001
1.710304651666741e-006	1.000000e+000	9.693146e-001	6.380435e-001	-6.073583e-002
1.712013636041741e-006	1.000000e+000	1.005814e+000	6.910512e-001	6.779552e-003
1.713722620416741e-006	1.000000e+000	1.042147e+000	7.418811e-001	7.230771e-002
1.715431604791741e-006	1.000000e+000	1.078307e+000	7.906803e-001	1.359181e-001
1.717140589166741e-006	1.000000e+000	1.114287e+000	8.375757e-001	1.976734e-001
1.718849573541741e-006	1.000000e+000	1.150083e+000	8.826792e-001	2.576317e-001
1.720558557916741e-006	1.000000e+000	1.185688e+000	9.260943e-001	3.158495e-001
1.722267542291741e-006	1.000000e+000	1.221096e+000	9.679207e-001	3.723840e-001
1.723976526666741e-006	1.000000e+000	1.256301e+000	1.008257e+000	4.272941e-001
1.725685511041741e-006	1.000000e+000	1.291297e+000	1.047203e+000	4.806412e-001
1.729103479791741e-006	1.000000e+000	1.360641e+000	1.121326e+000	5.829054e-001
1.734230432916741e-006	1.000000e+000	1.462949e+000	1.224588e+000	7.262442e-001
1.739357386041741e-006	1.000000e+000	1.563071e+000	1.320651e+000	8.591803e-001
1.744484339166741e-006	1.000000e+000	1.660857e+000	1.411837e+000	9.835393e-001
1.749611292291741e-006	1.000000e+000	1.756219e+000	1.500084e+000	1.101105e+000
1.750000000000000e-006	1.000000e+000	1.763356e+000	1.506702e+000	1.109802e+000
