time	V(logic)	V(signal_in)	V(signal_out)	V(vc)
0.000000000000000e+000	0.000000e+000	0.000000e+000	0.000000e+000	0.000000e+000
1.000000000000000e-012	1.000000e+000	2.261947e-005	4.297644e-015	3.799955e-015
1.690765486416152e-010	1.000000e+000	3.824432e-003	-2.625940e-007	-2.327934e-007
3.371530972832303e-010	1.000000e+000	7.626223e-003	6.935715e-009	5.668677e-009
5.052296459248454e-010	1.000000e+000	1.142799e-002	8.085893e-007	7.153861e-007
6.733061945664606e-010	1.000000e+000	1.522974e-002	2.142367e-006	1.896359e-006
8.413827432080758e-010	1.000000e+000	1.903147e-002	4.008268e-006	3.548587e-006
1.009459291849691e-009	1.000000e+000	2.283317e-002	6.406293e-006	5.672071e-006
1.177535840491306e-009	1.000000e+000	2.663486e-002	9.336442e-006	8.266810e-006
1.470117606822605e-009	1.000000e+000	3.325254e-002	1.811770e-005	1.604758e-005
1.836269560650812e-009	1.000000e+000	4.153401e-002	3.518301e-005	3.117646e-005
2.294813169448986e-009	1.000000e+000	5.190466e-002	6.836782e-005	6.061485e-005
2.869953064253457e-009	1.000000e+000	6.491136e-002	1.329582e-004	1.179596e-004
3.590142834538679e-009	1.000000e+000	8.119643e-002	2.584259e-004	2.294647e-004
4.497049322795418e-009	1.000000e+000	1.016999e-001	5.033631e-004	4.474175e-004
5.639447000315943e-009	1.000000e+000	1.275198e-001	9.814297e-004	8.734821e-004
7.086149548191098e-009	1.000000e+000	1.602025e-001	1.918835e-003	1.710552e-003
8.924346757841495e-009	1.000000e+000	2.016990e-001	3.761592e-003	3.360092e-003
1.127814701997962e-008	1.000000e+000	2.547719e-001	7.408421e-003	6.634550e-003
1.431876448146907e-008	1.000000e+000	3.231971e-001	1.468008e-002	1.318897e-002
1.830664716288338e-008	1.000000e+000	4.126447e-001	2.937954e-002	2.650397e-002
2.365845964133595e-008	1.000000e+000	5.319958e-001	5.974465e-002	5.418648e-002
3.115400666851296e-008	1.000000e+000	6.973304e-001	1.252422e-001	1.144287e-001
4.269216236256368e-008	1.000000e+000	9.467593e-001	2.733172e-001	2.521198e-001
5.730309915911087e-008	1.000000e+000	1.252232e+000	5.235730e-001	4.877324e-001
7.253380827462882e-008	1.000000e+000	1.553331e+000	8.355375e-001	7.858284e-001
9.225742190522090e-008	1.000000e+000	1.911168e+000	1.267132e+000	1.204933e+000
1.133313514683146e-007	1.000000e+000	2.241513e+000	1.709191e+000	1.641593e+000
1.440897629922625e-007	1.000000e+000	2.627268e+000	2.278597e+000	2.213565e+000
1.681859258948497e-007	1.000000e+000	2.860902e+000	2.659523e+000	2.601658e+000
1.709924450763692e-007	1.000000e+000	2.881237e+000	2.696680e+000	2.640027e+000
1.766054834394082e-007	1.000000e+000	2.911950e+000	2.759633e+000	2.705826e+000
1.878315601654861e-007	1.000000e+000	2.964228e+000	2.874456e+000	2.826666e+000
1.878325601654861e-007	1.000000e+000	2.964232e+000	2.874466e+000	2.826676e+000
1.878345601654861e-007	1.000000e+000	2.964239e+000	2.874483e+000	2.826694e+000
1.878385601654861e-007	1.000000e+000	2.964253e+000	2.874518e+000	2.826732e+000
1.878465601654861e-007	1.000000e+000	2.964281e+000	2.874589e+000	2.826807e+000
1.878625601654861e-007	1.000000e+000	2.964337e+000	2.874730e+000	2.826957e+000
1.878945601654862e-007	1.000000e+000	2.964448e+000	2.875011e+000	2.827257e+000
1.879585601654862e-007	1.000000e+000	2.964669e+000	2.875573e+000	2.827856e+000
1.880865601654864e-007	1.000000e+000	2.965110e+000	2.876695e+000	2.829051e+000
1.883425601654867e-007	1.000000e+000	2.965981e+000	2.878925e+000	2.831428e+000
1.888545601654873e-007	1.000000e+000	2.967681e+000	2.883334e+000	2.836134e+000
1.898785601654884e-007	1.000000e+000	2.970916e+000	2.891954e+000	2.845349e+000
1.960225601654954e-007	1.000000e+000	2.986369e+000	2.938940e+000	2.895998e+000
2.001423333333237e-007	1.000000e+000	2.994280e+000	2.967531e+000	2.927093e+000
2.001433333333237e-007	1.000000e+000	2.994282e+000	2.967537e+000	2.927100e+000
2.001453333333237e-007	1.000000e+000	2.994285e+000	2.967550e+000	2.927114e+000
2.001493333333237e-007	1.000000e+000	2.994290e+000	2.967575e+000	2.927142e+000
2.001573333333237e-007	1.000000e+000	2.994302e+000	2.967626e+000	2.927197e+000
2.001733333333237e-007	1.000000e+000	2.994324e+000	2.967727e+000	2.927308e+000
2.002053333333238e-007	1.000000e+000	2.994368e+000	2.967929e+000	2.927530e+000
2.002693333333238e-007	1.000000e+000	2.994456e+000	2.968332e+000	2.927972e+000
2.003973333333240e-007	1.000000e+000	2.994630e+000	2.969135e+000	2.928854e+000
2.006533333333243e-007	1.000000e+000	2.994966e+000	2.970728e+000	2.930606e+000
2.021893333333260e-007	1.000000e+000	2.996692e+000	2.979948e+000	2.940779e+000
2.042373333333283e-007	1.000000e+000	2.998569e+000	2.991747e+000	2.953856e+000
2.042383333333284e-007	1.000000e+000	2.998570e+000	2.991753e+000	2.953862e+000
2.042403333333284e-007	1.000000e+000	2.998572e+000	2.991764e+000	2.953874e+000
2.042443333333284e-007	1.000000e+000	2.998574e+000	2.991786e+000	2.953898e+000
2.042523333333284e-007	1.000000e+000	2.998580e+000	2.991830e+000	2.953948e+000
2.042683333333284e-007	1.000000e+000	2.998591e+000	2.991918e+000	2.954046e+000
2.043003333333284e-007	1.000000e+000	2.998613e+000	2.992094e+000	2.954242e+000
2.043643333333285e-007	1.000000e+000	2.998657e+000	2.992445e+000	2.954633e+000
2.047483333333289e-007	1.000000e+000	2.998899e+000	2.994530e+000	2.956958e+000
2.052603333333295e-007	1.000000e+000	2.999172e+000	2.997253e+000	2.960003e+000
2.062843333333307e-007	1.000000e+000	2.999642e+000	3.002610e+000	2.966004e+000
2.062863333333307e-007	1.000000e+000	2.999643e+000	3.002620e+000	2.966015e+000
2.062903333333307e-007	1.000000e+000	2.999644e+000	3.002641e+000	2.966038e+000
2.062983333333307e-007	1.000000e+000	2.999647e+000	3.002681e+000	2.966084e+000
2.063143333333307e-007	1.000000e+000	2.999652e+000	3.002763e+000	2.966176e+000
2.064103333333308e-007	1.000000e+000	2.999684e+000	3.003251e+000	2.966725e+000
2.065383333333310e-007	1.000000e+000	2.999724e+000	3.003899e+000	2.967453e+000
2.067943333333312e-007	1.000000e+000	2.999793e+000	3.005182e+000	2.968897e+000
2.073063333333318e-007	1.000000e+000	2.999910e+000	3.007725e+000	2.971764e+000
2.073103333333318e-007	1.000000e+000	2.999911e+000	3.007745e+000	2.971786e+000
2.073183333333318e-007	1.000000e+000	2.999912e+000	3.007784e+000	2.971831e+000
2.073343333333319e-007	1.000000e+000	2.999915e+000	3.007863e+000	2.971919e+000
2.073663333333319e-007	1.000000e+000	2.999920e+000	3.008019e+000	2.972096e+000
2.074303333333320e-007	1.000000e+000	2.999930e+000	3.008332e+000	2.972449e+000
2.075583333333321e-007	1.000000e+000	2.999947e+000	3.008954e+000	2.973152e+000
2.078143333333324e-007	1.000000e+000	2.999977e+000	3.010192e+000	2.974552e+000
2.078223333333324e-007	1.000000e+000	2.999978e+000	3.010231e+000	2.974596e+000
2.078383333333324e-007	1.000000e+000	2.999979e+000	3.010308e+000	2.974683e+000
2.078703333333325e-007	1.000000e+000	2.999982e+000	3.010461e+000	2.974856e+000
2.079343333333325e-007	1.000000e+000	2.999986e+000	3.010767e+000	2.975203e+000
2.080623333333327e-007	1.000000e+000	2.999994e+000	3.011378e+000	2.975895e+000
2.080783333333327e-007	1.000000e+000	2.999995e+000	3.011455e+000	2.975981e+000
2.081103333333327e-007	1.000000e+000	2.999996e+000	3.011606e+000	2.976153e+000
2.081743333333328e-007	1.000000e+000	2.999998e+000	3.011910e+000	2.976497e+000
2.082063333333328e-007	1.000000e+000	2.999999e+000	3.012061e+000	2.976669e+000
2.082703333333329e-007	1.000000e+000	3.000000e+000	3.012364e+000	2.977012e+000
2.082713333333329e-007	1.000000e+000	3.000000e+000	3.012369e+000	2.977017e+000
2.082773333333329e-007	1.000000e+000	3.000000e+000	3.012397e+000	2.977050e+000
2.082853333333329e-007	1.000000e+000	3.000000e+000	3.012434e+000	2.977092e+000
2.083013333333330e-007	1.000000e+000	3.000000e+000	3.012510e+000	2.977178e+000
2.083023333333330e-007	1.000000e+000	3.000000e+000	3.012515e+000	2.977183e+000
2.083043333333330e-007	1.000000e+000	3.000000e+000	3.012524e+000	2.977194e+000
2.083083333333330e-007	1.000000e+000	3.000000e+000	3.012543e+000	2.977215e+000
2.083163333333330e-007	1.000000e+000	3.000000e+000	3.012581e+000	2.977258e+000
2.083223333333330e-007	1.000000e+000	3.000000e+000	3.012609e+000	2.977290e+000
2.083263333333330e-007	1.000000e+000	3.000000e+000	3.012628e+000	2.977311e+000
2.083273333333330e-007	1.000000e+000	3.000000e+000	3.012632e+000	2.977317e+000
2.083293333333330e-007	1.000000e+000	3.000000e+000	3.012642e+000	2.977327e+000
2.083303333333330e-007	1.000000e+000	3.000000e+000	3.012646e+000	2.977333e+000
2.083323333333330e-007	1.000000e+000	3.000000e+000	3.012656e+000	2.977343e+000
2.083333333333330e-007	1.000000e+000	3.000000e+000	3.012661e+000	2.977349e+000
2.083343333333330e-007	1.000000e+000	3.000000e+000	3.012665e+000	2.977354e+000
2.083344333333330e-007	9.000000e-001	3.000000e+000	3.012666e+000	2.977355e+000
2.083346333333330e-007	7.000000e-001	3.000000e+000	3.012666e+000	2.977355e+000
2.083350333333330e-007	3.000000e-001	3.000000e+000	3.012667e+000	2.977356e+000
2.083353333333330e-007	0.000000e+000	3.000000e+000	3.012667e+000	2.977357e+000
2.083354133333330e-007	0.000000e+000	3.000000e+000	3.012667e+000	2.977357e+000
2.083355733333330e-007	0.000000e+000	3.000000e+000	3.012667e+000	2.977357e+000
2.083358933333330e-007	0.000000e+000	3.000000e+000	3.012666e+000	2.977357e+000
2.083365333333330e-007	0.000000e+000	3.000000e+000	3.012665e+000	2.977357e+000
2.083378133333330e-007	0.000000e+000	3.000000e+000	3.012664e+000	2.977357e+000
2.083403733333330e-007	0.000000e+000	3.000000e+000	3.012660e+000	2.977357e+000
2.083454933333330e-007	0.000000e+000	3.000000e+000	3.012653e+000	2.977357e+000
2.083557333333330e-007	0.000000e+000	3.000000e+000	3.012640e+000	2.977357e+000
2.083762133333330e-007	0.000000e+000	3.000000e+000	3.012613e+000	2.977357e+000
2.084171733333331e-007	0.000000e+000	2.999999e+000	3.012558e+000	2.977357e+000
2.084990933333332e-007	0.000000e+000	2.999997e+000	3.012450e+000	2.977357e+000
2.086629333333333e-007	0.000000e+000	2.999988e+000	3.012234e+000	2.977357e+000
2.089906133333337e-007	0.000000e+000	2.999954e+000	3.011807e+000	2.977357e+000
2.096459733333345e-007	0.000000e+000	2.999816e+000	3.010973e+000	2.977357e+000
2.188210133333449e-007	0.000000e+000	2.988292e+000	3.001541e+000	2.977357e+000
2.293067733333568e-007	0.000000e+000	2.953362e+000	2.994372e+000	2.977357e+000
2.502782933333805e-007	0.000000e+000	2.826432e+000	2.985844e+000	2.977357e+000
2.797461145535842e-007	0.000000e+000	2.539359e+000	2.980262e+000	2.977357e+000
3.136687414714160e-007	0.000000e+000	2.080196e+000	2.977981e+000	2.977355e+000
3.351249969593486e-007	0.000000e+000	1.713510e+000	2.977555e+000	2.977353e+000
3.687370746165362e-007	0.000000e+000	1.051690e+000	2.977375e+000	2.977347e+000
3.847131215708906e-007	0.000000e+000	7.158000e-001	2.977336e+000	2.977344e+000
3.847174751320932e-007	0.000000e+000	7.157046e-001	2.977336e+000	2.977344e+000
3.847232798803632e-007	0.000000e+000	7.155771e-001	2.977336e+000	2.977344e+000
3.847348893769033e-007	0.000000e+000	7.153221e-001	2.977336e+000	2.977344e+000
3.892965718468696e-007	0.000000e+000	6.143275e-001	2.977332e+000	2.977343e+000
3.938582543168358e-007	0.000000e+000	5.129348e-001	2.977328e+000	2.977342e+000
3.984199367868021e-007	0.000000e+000	4.111440e-001	2.977324e+000	2.977341e+000
4.029816192567683e-007	0.000000e+000	3.089551e-001	2.977320e+000	2.977340e+000
4.075433017267345e-007	0.000000e+000	2.063681e-001	2.977317e+000	2.977338e+000
4.121049841967008e-007	0.000000e+000	1.033831e-001	2.977314e+000	2.977337e+000
4.166666666666670e-007	0.000000e+000	-6.293944e-015	2.977312e+000	2.977336e+000
4.166667666666670e-007	1.000000e-001	-2.261947e-006	2.977312e+000	2.977336e+000
4.166669666666670e-007	3.000000e-001	-6.785840e-006	2.977308e+000	2.977333e+000
4.166673666666669e-007	7.000000e-001	-1.583363e-005	2.977286e+000	2.977313e+000
4.166676666666670e-007	1.000000e+000	-2.261947e-005	2.977258e+000	2.977288e+000
4.166677466666669e-007	1.000000e+000	-2.442902e-005	2.977249e+000	2.977280e+000
4.166679066666669e-007	1.000000e+000	-2.804814e-005	2.977231e+000	2.977264e+000
4.166682266666669e-007	1.000000e+000	-3.528637e-005	2.977195e+000	2.977233e+000
4.166688666666669e-007	1.000000e+000	-4.976283e-005	2.977124e+000	2.977170e+000
4.166701466666669e-007	1.000000e+000	-7.871575e-005	2.976980e+000	2.977043e+000
4.166727066666668e-007	1.000000e+000	-1.366216e-004	2.976694e+000	2.976790e+000
4.170464666666574e-007	1.000000e+000	-8.591049e-003	2.935200e+000	2.940058e+000
4.174202266666479e-007	1.000000e+000	-1.704507e-002	2.894254e+000	2.903745e+000
4.177939866666384e-007	1.000000e+000	-2.549869e-002	2.853856e+000	2.867850e+000
4.181677466666289e-007	1.000000e+000	-3.395191e-002	2.814007e+000	2.832372e+000
4.185415066666195e-007	1.000000e+000	-4.240472e-002	2.774706e+000	2.797313e+000
4.189152666666100e-007	1.000000e+000	-5.085714e-002	2.735954e+000	2.762672e+000
4.192890266666005e-007	1.000000e+000	-5.930914e-002	2.697750e+000	2.728449e+000
4.219104666665341e-007	1.000000e+000	-1.185540e-001	2.443105e+000	2.498736e+000
4.271533466664013e-007	1.000000e+000	-2.367402e-001	1.995301e+000	2.087632e+000
4.376391066661357e-007	1.000000e+000	-4.716451e-001	1.249937e+000	1.386063e+000
4.484651501836847e-007	1.000000e+000	-7.114545e-001	6.278287e-001	7.834163e-001
4.572236022010099e-007	1.000000e+000	-9.021225e-001	2.230968e-001	3.800534e-001
4.663065292156810e-007	1.000000e+000	-1.095511e+000	-1.276799e-001	2.329361e-002
4.753822588752135e-007	1.000000e+000	-1.283167e+000	-4.301975e-001	-2.882682e-001
4.872176668447780e-007	1.000000e+000	-1.517167e+000	-7.728540e-001	-6.438354e-001
5.042688130694157e-007	1.000000e+000	-1.830106e+000	-1.202015e+000	-1.090164e+000
5.272791753823143e-007	1.000000e+000	-2.197598e+000	-1.697156e+000	-1.604148e+000
5.600893239484223e-007	1.000000e+000	-2.631972e+000	-2.301908e+000	-2.230214e+000
5.733251988293411e-007	1.000000e+000	-2.761189e+000	-2.500718e+000	-2.436486e+000
5.997969485911786e-007	1.000000e+000	-2.945997e+000	-2.826062e+000	-2.776148e+000
5.997979485911786e-007	1.000000e+000	-2.946002e+000	-2.826073e+000	-2.776160e+000
5.997999485911787e-007	1.000000e+000	-2.946011e+000	-2.826092e+000	-2.776180e+000
5.998039485911788e-007	1.000000e+000	-2.946028e+000	-2.826130e+000	-2.776220e+000
5.998119485911790e-007	1.000000e+000	-2.946062e+000	-2.826205e+000	-2.776300e+000
5.998279485911795e-007	1.000000e+000	-2.946130e+000	-2.826357e+000	-2.776460e+000
5.998599485911803e-007	1.000000e+000	-2.946266e+000	-2.826659e+000	-2.776781e+000
5.999239485911821e-007	1.000000e+000	-2.946538e+000	-2.827264e+000	-2.777422e+000
6.000519485911856e-007	1.000000e+000	-2.947080e+000	-2.828470e+000	-2.778701e+000
6.003079485911927e-007	1.000000e+000	-2.948153e+000	-2.830870e+000	-2.781247e+000
6.008199485912068e-007	1.000000e+000	-2.950259e+000	-2.835625e+000	-2.786294e+000
6.018439485912351e-007	1.000000e+000	-2.954304e+000	-2.844952e+000	-2.796208e+000
6.079879485914047e-007	1.000000e+000	-2.973934e+000	-2.895764e+000	-2.850605e+000
6.161809485916309e-007	1.000000e+000	-2.993370e+000	-2.956054e+000	-2.915758e+000
6.161829485916309e-007	1.000000e+000	-2.993373e+000	-2.956067e+000	-2.915772e+000
6.161869485916310e-007	1.000000e+000	-2.993379e+000	-2.956093e+000	-2.915800e+000
6.161949485916313e-007	1.000000e+000	-2.993391e+000	-2.956144e+000	-2.915856e+000
6.162109485916317e-007	1.000000e+000	-2.993415e+000	-2.956246e+000	-2.915968e+000
6.162429485916326e-007	1.000000e+000	-2.993463e+000	-2.956450e+000	-2.916192e+000
6.163069485916343e-007	1.000000e+000	-2.993558e+000	-2.956858e+000	-2.916638e+000
6.164349485916379e-007	1.000000e+000	-2.993745e+000	-2.957672e+000	-2.917529e+000
6.166909485916449e-007	1.000000e+000	-2.994109e+000	-2.959287e+000	-2.919298e+000
6.172029485916591e-007	1.000000e+000	-2.994795e+000	-2.962471e+000	-2.922792e+000
6.209049999998869e-007	1.000000e+000	-2.998536e+000	-2.984153e+000	-2.946724e+000
6.224807943674278e-007	1.000000e+000	-2.999450e+000	-2.992638e+000	-2.956172e+000
6.231121774699375e-007	1.000000e+000	-2.999679e+000	-2.995888e+000	-2.959808e+000
6.237382337949806e-007	1.000000e+000	-2.999864e+000	-2.999064e+000	-2.963368e+000
6.237488873499138e-007	1.000000e+000	-2.999866e+000	-2.999117e+000	-2.963428e+000
6.237701944597802e-007	1.000000e+000	-2.999871e+000	-2.999223e+000	-2.963547e+000
6.238128086795131e-007	1.000000e+000	-2.999880e+000	-2.999435e+000	-2.963785e+000
6.238980371189787e-007	1.000000e+000	-2.999896e+000	-2.999858e+000	-2.964260e+000
6.240684939979101e-007	1.000000e+000	-2.999924e+000	-3.000698e+000	-2.965204e+000
6.244094077557728e-007	1.000000e+000	-2.999970e+000	-3.002369e+000	-2.967084e+000
6.244104077557728e-007	1.000000e+000	-2.999970e+000	-3.002373e+000	-2.967090e+000
6.244124077557729e-007	1.000000e+000	-2.999971e+000	-3.002383e+000	-2.967101e+000
6.244164077557730e-007	1.000000e+000	-2.999971e+000	-3.002403e+000	-2.967123e+000
6.244244077557732e-007	1.000000e+000	-2.999972e+000	-3.002441e+000	-2.967166e+000
6.244404077557737e-007	1.000000e+000	-2.999973e+000	-3.002519e+000	-2.967254e+000
6.244724077557746e-007	1.000000e+000	-2.999976e+000	-3.002674e+000	-2.967429e+000
6.245364077557763e-007	1.000000e+000	-2.999981e+000	-3.002984e+000	-2.967778e+000
6.246644077557799e-007	1.000000e+000	-2.999990e+000	-3.003602e+000	-2.968474e+000
6.247449999999929e-007	1.000000e+000	-2.999994e+000	-3.003989e+000	-2.968911e+000
6.248398155115739e-007	1.000000e+000	-2.999998e+000	-3.004443e+000	-2.969424e+000
6.248408155115739e-007	1.000000e+000	-2.999998e+000	-3.004448e+000	-2.969429e+000
6.248428155115739e-007	1.000000e+000	-2.999998e+000	-3.004458e+000	-2.969440e+000
6.248468155115741e-007	1.000000e+000	-2.999998e+000	-3.004477e+000	-2.969461e+000
6.248548155115743e-007	1.000000e+000	-2.999998e+000	-3.004515e+000	-2.969505e+000
6.248708155115747e-007	1.000000e+000	-2.999999e+000	-3.004592e+000	-2.969591e+000
6.249028155115756e-007	1.000000e+000	-2.999999e+000	-3.004744e+000	-2.969763e+000
6.249369999999982e-007	1.000000e+000	-3.000000e+000	-3.004907e+000	-2.969947e+000
6.249379999999982e-007	1.000000e+000	-3.000000e+000	-3.004912e+000	-2.969953e+000
6.249399999999983e-007	1.000000e+000	-3.000000e+000	-3.004921e+000	-2.969963e+000
6.249439999999984e-007	1.000000e+000	-3.000000e+000	-3.004941e+000	-2.969985e+000
6.249519999999986e-007	1.000000e+000	-3.000000e+000	-3.004979e+000	-2.970028e+000
6.249679999999991e-007	1.000000e+000	-3.000000e+000	-3.005055e+000	-2.970114e+000
6.249689999999991e-007	1.000000e+000	-3.000000e+000	-3.005059e+000	-2.970119e+000
6.249709999999991e-007	1.000000e+000	-3.000000e+000	-3.005069e+000	-2.970130e+000
6.249749999999993e-007	1.000000e+000	-3.000000e+000	-3.005088e+000	-2.970151e+000
6.249829999999995e-007	1.000000e+000	-3.000000e+000	-3.005126e+000	-2.970194e+000
6.249849999999995e-007	1.000000e+000	-3.000000e+000	-3.005136e+000	-2.970205e+000
6.249889999999996e-007	1.000000e+000	-3.000000e+000	-3.005155e+000	-2.970227e+000
6.249929999999998e-007	1.000000e+000	-3.000000e+000	-3.005174e+000	-2.970248e+000
6.249939999999998e-007	1.000000e+000	-3.000000e+000	-3.005178e+000	-2.970253e+000
6.249959999999998e-007	1.000000e+000	-3.000000e+000	-3.005188e+000	-2.970264e+000
6.249969999999999e-007	1.000000e+000	-3.000000e+000	-3.005193e+000	-2.970269e+000
6.249989999999999e-007	1.000000e+000	-3.000000e+000	-3.005202e+000	-2.970280e+000
6.250000000000000e-007	1.000000e+000	-3.000000e+000	-3.005207e+000	-2.970286e+000
6.250010000000000e-007	1.000000e+000	-3.000000e+000	-3.005212e+000	-2.970291e+000
6.250011000000000e-007	9.000000e-001	-3.000000e+000	-3.005212e+000	-2.970291e+000
6.250013000000000e-007	7.000000e-001	-3.000000e+000	-3.005213e+000	-2.970292e+000
6.250017000000000e-007	3.000000e-001	-3.000000e+000	-3.005213e+000	-2.970293e+000
6.250020000000000e-007	0.000000e+000	-3.000000e+000	-3.005213e+000	-2.970294e+000
6.250020800000000e-007	0.000000e+000	-3.000000e+000	-3.005213e+000	-2.970294e+000
6.250022400000000e-007	0.000000e+000	-3.000000e+000	-3.005213e+000	-2.970294e+000
6.250025600000000e-007	0.000000e+000	-3.000000e+000	-3.005213e+000	-2.970294e+000
6.250032000000000e-007	0.000000e+000	-3.000000e+000	-3.005212e+000	-2.970294e+000
6.250044800000000e-007	0.000000e+000	-3.000000e+000	-3.005210e+000	-2.970294e+000
6.250070400000001e-007	0.000000e+000	-3.000000e+000	-3.005207e+000	-2.970294e+000
6.250121600000002e-007	0.000000e+000	-3.000000e+000	-3.005200e+000	-2.970294e+000
6.250224000000005e-007	0.000000e+000	-3.000000e+000	-3.005187e+000	-2.970294e+000
6.250428800000011e-007	0.000000e+000	-3.000000e+000	-3.005159e+000	-2.970294e+000
6.250838400000022e-007	0.000000e+000	-2.999999e+000	-3.005106e+000	-2.970294e+000
6.251657600000045e-007	0.000000e+000	-2.999997e+000	-3.004998e+000	-2.970294e+000
6.253296000000090e-007	0.000000e+000	-2.999988e+000	-3.004785e+000	-2.970294e+000
6.256572800000180e-007	0.000000e+000	-2.999954e+000	-3.004363e+000	-2.970294e+000
6.263126400000362e-007	0.000000e+000	-2.999816e+000	-3.003538e+000	-2.970294e+000
6.276233600000724e-007	0.000000e+000	-2.999267e+000	-3.001962e+000	-2.970294e+000
6.354876800002895e-007	0.000000e+000	-2.988292e+000	-2.994210e+000	-2.970294e+000
6.459734400005789e-007	0.000000e+000	-2.953362e+000	-2.987121e+000	-2.970294e+000
6.669449600011577e-007	0.000000e+000	-2.826411e+000	-2.978688e+000	-2.970294e+000
6.964391461474304e-007	0.000000e+000	-2.538999e+000	-2.973165e+000	-2.970294e+000
7.303865321574823e-007	0.000000e+000	-2.079672e+000	-2.970907e+000	-2.970292e+000
7.515275528837503e-007	0.000000e+000	-1.720217e+000	-2.970488e+000	-2.970290e+000
7.814594279206788e-007	0.000000e+000	-1.132779e+000	-2.970325e+000	-2.970285e+000
8.028104586708775e-007	0.000000e+000	-6.843326e-001	-2.970273e+000	-2.970281e+000
8.028134586708776e-007	0.000000e+000	-6.842668e-001	-2.970273e+000	-2.970281e+000
8.028254586708779e-007	0.000000e+000	-6.840025e-001	-2.970273e+000	-2.970281e+000
8.028734586708793e-007	0.000000e+000	-6.829454e-001	-2.970272e+000	-2.970281e+000
8.052050300995150e-007	0.000000e+000	-6.313854e-001	-2.970270e+000	-2.970280e+000
8.075366015281509e-007	0.000000e+000	-5.796912e-001	-2.970268e+000	-2.970280e+000
8.098681729567866e-007	0.000000e+000	-5.278629e-001	-2.970266e+000	-2.970279e+000
8.121997443854224e-007	0.000000e+000	-4.759005e-001	-2.970264e+000	-2.970279e+000
8.145313158140582e-007	0.000000e+000	-4.238039e-001	-2.970262e+000	-2.970278e+000
8.168628872426940e-007	0.000000e+000	-3.715732e-001	-2.970260e+000	-2.970277e+000
8.191944586713298e-007	0.000000e+000	-3.192084e-001	-2.970258e+000	-2.970277e+000
8.192004586713299e-007	0.000000e+000	-3.190734e-001	-2.970258e+000	-2.970277e+000
8.203697443856479e-007	0.000000e+000	-2.927509e-001	-2.970257e+000	-2.970276e+000
8.215390300999659e-007	0.000000e+000	-2.664130e-001	-2.970257e+000	-2.970276e+000
8.227083158142839e-007	0.000000e+000	-2.400597e-001	-2.970256e+000	-2.970276e+000
8.238776015286019e-007	0.000000e+000	-2.136910e-001	-2.970255e+000	-2.970275e+000
8.250468872429199e-007	0.000000e+000	-1.873070e-001	-2.970254e+000	-2.970275e+000
8.262161729572379e-007	0.000000e+000	-1.609075e-001	-2.970253e+000	-2.970275e+000
8.273854586715559e-007	0.000000e+000	-1.344927e-001	-2.970253e+000	-2.970275e+000
8.273914586715560e-007	0.000000e+000	-1.343571e-001	-2.970253e+000	-2.970275e+000
8.274154586715567e-007	0.000000e+000	-1.338148e-001	-2.970253e+000	-2.970275e+000
8.314804586716689e-007	0.000000e+000	-4.190967e-002	-2.970250e+000	-2.970273e+000
8.314824586716690e-007	0.000000e+000	-4.186444e-002	-2.970250e+000	-2.970273e+000
8.314944586716693e-007	0.000000e+000	-4.159303e-002	-2.970250e+000	-2.970273e+000
8.315424586716706e-007	0.000000e+000	-4.050740e-002	-2.970250e+000	-2.970273e+000
8.325034586716972e-007	0.000000e+000	-1.877120e-002	-2.970250e+000	-2.970273e+000
8.325094586716973e-007	0.000000e+000	-1.863549e-002	-2.970250e+000	-2.970273e+000
8.330144586717113e-007	0.000000e+000	-7.212768e-003	-2.970249e+000	-2.970273e+000
8.330164586717113e-007	0.000000e+000	-7.167529e-003	-2.970249e+000	-2.970273e+000
8.330284586717116e-007	0.000000e+000	-6.896096e-003	-2.970249e+000	-2.970273e+000
8.330764586717130e-007	0.000000e+000	-5.810364e-003	-2.970249e+000	-2.970273e+000
8.331404586717147e-007	0.000000e+000	-4.362720e-003	-2.970249e+000	-2.970273e+000
8.332063333333305e-007	0.000000e+000	-2.872672e-003	-2.970249e+000	-2.970273e+000
8.332123333333306e-007	0.000000e+000	-2.736955e-003	-2.970249e+000	-2.970273e+000
8.332363333333313e-007	0.000000e+000	-2.194088e-003	-2.970249e+000	-2.970273e+000
8.332693333333322e-007	0.000000e+000	-1.447646e-003	-2.970249e+000	-2.970273e+000
8.332833333333326e-007	0.000000e+000	-1.130973e-003	-2.970249e+000	-2.970273e+000
8.333013333333331e-007	0.000000e+000	-7.238229e-004	-2.970249e+000	-2.970273e+000
8.333133333333334e-007	0.000000e+000	-4.523894e-004	-2.970249e+000	-2.970273e+000
8.333263333333338e-007	0.000000e+000	-1.583363e-004	-2.970249e+000	-2.970273e+000
8.333293333333339e-007	0.000000e+000	-9.047787e-005	-2.970249e+000	-2.970273e+000
8.333313333333339e-007	0.000000e+000	-4.523894e-005	-2.970249e+000	-2.970273e+000
8.333323333333339e-007	0.000000e+000	-2.261947e-005	-2.970249e+000	-2.970273e+000
8.333333333333340e-007	0.000000e+000	1.258789e-014	-2.970249e+000	-2.970273e+000
8.333334333333340e-007	1.000000e-001	2.261947e-006	-2.970249e+000	-2.970273e+000
8.333336333333340e-007	3.000000e-001	6.785840e-006	-2.970246e+000	-2.970270e+000
8.333340333333340e-007	7.000000e-001	1.583363e-005	-2.970223e+000	-2.970250e+000
8.333343333333340e-007	1.000000e+000	2.261947e-005	-2.970196e+000	-2.970225e+000
8.333344133333340e-007	1.000000e+000	2.442902e-005	-2.970186e+000	-2.970217e+000
8.333345733333340e-007	1.000000e+000	2.804814e-005	-2.970169e+000	-2.970202e+000
8.333348933333340e-007	1.000000e+000	3.528637e-005	-2.970133e+000	-2.970170e+000
8.333355333333340e-007	1.000000e+000	4.976283e-005	-2.970062e+000	-2.970107e+000
8.333368133333340e-007	1.000000e+000	7.871575e-005	-2.969919e+000	-2.969981e+000
8.333444933333342e-007	1.000000e+000	2.524333e-004	-2.969062e+000	-2.969223e+000
8.333752133333351e-007	1.000000e+000	9.473033e-004	-2.965637e+000	-2.966194e+000
8.348673276190906e-007	1.000000e+000	3.470923e-002	-2.804881e+000	-2.823265e+000
8.363594419048461e-007	1.000000e+000	6.844541e-002	-2.651278e+000	-2.685907e+000
8.378515561906016e-007	1.000000e+000	1.021559e-001	-2.504828e+000	-2.554118e+000
8.393436704763570e-007	1.000000e+000	1.358405e-001	-2.365530e+000	-2.427900e+000
8.408357847621125e-007	1.000000e+000	1.694995e-001	-2.233386e+000	-2.307253e+000
8.423278990478680e-007	1.000000e+000	2.031327e-001	-2.108394e+000	-2.192175e+000
8.438200133336235e-007	1.000000e+000	2.367402e-001	-1.990556e+000	-2.082669e+000
8.543057733339129e-007	1.000000e+000	4.716450e-001	-1.246760e+000	-1.382583e+000
8.651332432644874e-007	1.000000e+000	7.114859e-001	-6.257273e-001	-7.809932e-001
8.738902364637540e-007	1.000000e+000	9.019982e-001	-2.231158e-001	-3.796544e-001
8.839902138483191e-007	1.000000e+000	1.116726e+000	1.635857e-001	1.384755e-002
8.930813874458482e-007	1.000000e+000	1.304125e+000	4.631321e-001	3.225088e-001
9.053011405925268e-007	1.000000e+000	1.544398e+000	8.117360e-001	6.844068e-001
9.226355364066962e-007	1.000000e+000	1.859511e+000	1.241836e+000	1.131661e+000
9.465981872719181e-007	1.000000e+000	2.235203e+000	1.748711e+000	1.657654e+000
9.804611642854386e-007	1.000000e+000	2.671667e+000	2.360783e+000	2.291232e+000
9.920616217764620e-007	1.000000e+000	2.781822e+000	2.532010e+000	2.468931e+000
1.015262536758509e-006	1.000000e+000	2.940744e+000	2.814296e+000	2.763728e+000
1.015263536758509e-006	1.000000e+000	2.940750e+000	2.814307e+000	2.763740e+000
1.015265536758509e-006	1.000000e+000	2.940759e+000	2.814326e+000	2.763760e+000
1.015269536758509e-006	1.000000e+000	2.940777e+000	2.814365e+000	2.763801e+000
1.015277536758509e-006	1.000000e+000	2.940812e+000	2.814442e+000	2.763883e+000
1.015293536758510e-006	1.000000e+000	2.940884e+000	2.814597e+000	2.764047e+000
1.015325536758511e-006	1.000000e+000	2.941027e+000	2.814906e+000	2.764374e+000
1.015389536758512e-006	1.000000e+000	2.941312e+000	2.815524e+000	2.765028e+000
1.015517536758516e-006	1.000000e+000	2.941879e+000	2.816758e+000	2.766334e+000
1.015773536758523e-006	1.000000e+000	2.943004e+000	2.819213e+000	2.768934e+000
1.016285536758537e-006	1.000000e+000	2.945212e+000	2.824078e+000	2.774090e+000
1.017309536758565e-006	1.000000e+000	2.949464e+000	2.833626e+000	2.784222e+000
1.019357536758622e-006	1.000000e+000	2.957307e+000	2.851990e+000	2.803764e+000
1.023453536758735e-006	1.000000e+000	2.970339e+000	2.885786e+000	2.839949e+000
1.031645536758961e-006	1.000000e+000	2.991440e+000	2.947895e+000	2.906896e+000
1.031646536758961e-006	1.000000e+000	2.991442e+000	2.947902e+000	2.906904e+000
1.031648536758961e-006	1.000000e+000	2.991446e+000	2.947915e+000	2.906918e+000
1.031652536758961e-006	1.000000e+000	2.991453e+000	2.947942e+000	2.906947e+000
1.031660536758961e-006	1.000000e+000	2.991466e+000	2.947995e+000	2.907005e+000
1.031676536758962e-006	1.000000e+000	2.991493e+000	2.948101e+000	2.907120e+000
1.031708536758963e-006	1.000000e+000	2.991548e+000	2.948312e+000	2.907351e+000
1.031772536758965e-006	1.000000e+000	2.991656e+000	2.948735e+000	2.907812e+000
1.031900536758968e-006	1.000000e+000	2.991869e+000	2.949577e+000	2.908731e+000
1.032668536758989e-006	1.000000e+000	2.993076e+000	2.954550e+000	2.914166e+000
1.035740536759074e-006	1.000000e+000	2.996846e+000	2.973278e+000	2.934753e+000
1.038005406851707e-006	1.000000e+000	2.998841e+000	2.986226e+000	2.949077e+000
1.038872887222014e-006	1.000000e+000	2.999295e+000	2.990846e+000	2.954227e+000
1.039932705926053e-006	1.000000e+000	2.999744e+000	2.996375e+000	2.960403e+000
1.039933705926054e-006	1.000000e+000	2.999744e+000	2.996380e+000	2.960409e+000
1.039935705926054e-006	1.000000e+000	2.999744e+000	2.996390e+000	2.960420e+000
1.039947705926054e-006	1.000000e+000	2.999748e+000	2.996451e+000	2.960488e+000
1.039963705926054e-006	1.000000e+000	2.999753e+000	2.996532e+000	2.960579e+000
1.039995705926055e-006	1.000000e+000	2.999762e+000	2.996694e+000	2.960761e+000
1.040059705926057e-006	1.000000e+000	2.999779e+000	2.997017e+000	2.961124e+000
1.040187705926061e-006	1.000000e+000	2.999812e+000	2.997662e+000	2.961846e+000
1.040443705926068e-006	1.000000e+000	2.999867e+000	2.998939e+000	2.963280e+000
1.040955705926082e-006	1.000000e+000	2.999957e+000	3.001471e+000	2.966126e+000
1.040956705926082e-006	1.000000e+000	2.999957e+000	3.001476e+000	2.966132e+000
1.040958705926082e-006	1.000000e+000	2.999957e+000	3.001486e+000	2.966143e+000
1.040962705926082e-006	1.000000e+000	2.999958e+000	3.001506e+000	2.966165e+000
1.040970705926082e-006	1.000000e+000	2.999959e+000	3.001545e+000	2.966209e+000
1.040986705926083e-006	1.000000e+000	2.999961e+000	3.001623e+000	2.966297e+000
1.041018705926083e-006	1.000000e+000	2.999964e+000	3.001779e+000	2.966473e+000
1.041082705926085e-006	1.000000e+000	2.999971e+000	3.002090e+000	2.966823e+000
1.041210705926089e-006	1.000000e+000	2.999981e+000	3.002710e+000	2.967522e+000
1.041411666666660e-006	1.000000e+000	2.999995e+000	3.003680e+000	2.968615e+000
1.041412666666660e-006	1.000000e+000	2.999995e+000	3.003685e+000	2.968621e+000
1.041414666666660e-006	1.000000e+000	2.999995e+000	3.003695e+000	2.968632e+000
1.041418666666660e-006	1.000000e+000	2.999995e+000	3.003714e+000	2.968653e+000
1.041426666666660e-006	1.000000e+000	2.999995e+000	3.003752e+000	2.968696e+000
1.041442666666661e-006	1.000000e+000	2.999996e+000	3.003829e+000	2.968783e+000
1.041474666666662e-006	1.000000e+000	2.999997e+000	3.003983e+000	2.968956e+000
1.041538666666663e-006	1.000000e+000	2.999999e+000	3.004289e+000	2.969301e+000
1.041539666666663e-006	1.000000e+000	2.999999e+000	3.004293e+000	2.969307e+000
1.041541666666664e-006	1.000000e+000	2.999999e+000	3.004303e+000	2.969318e+000
1.041545666666664e-006	1.000000e+000	2.999999e+000	3.004322e+000	2.969339e+000
1.041553666666664e-006	1.000000e+000	2.999999e+000	3.004360e+000	2.969383e+000
1.041569666666664e-006	1.000000e+000	2.999999e+000	3.004437e+000	2.969469e+000
1.041601666666665e-006	1.000000e+000	3.000000e+000	3.004590e+000	2.969641e+000
1.041603666666665e-006	1.000000e+000	3.000000e+000	3.004599e+000	2.969652e+000
1.041607666666665e-006	1.000000e+000	3.000000e+000	3.004618e+000	2.969673e+000
1.041615666666666e-006	1.000000e+000	3.000000e+000	3.004656e+000	2.969716e+000
1.041631666666666e-006	1.000000e+000	3.000000e+000	3.004732e+000	2.969802e+000
1.041635666666666e-006	1.000000e+000	3.000000e+000	3.004751e+000	2.969824e+000
1.041643666666666e-006	1.000000e+000	3.000000e+000	3.004790e+000	2.969867e+000
1.041651666666667e-006	1.000000e+000	3.000000e+000	3.004827e+000	2.969910e+000
1.041652666666667e-006	1.000000e+000	3.000000e+000	3.004832e+000	2.969915e+000
1.041654666666667e-006	1.000000e+000	3.000000e+000	3.004842e+000	2.969926e+000
1.041658666666667e-006	1.000000e+000	3.000000e+000	3.004861e+000	2.969947e+000
1.041659666666667e-006	1.000000e+000	3.000000e+000	3.004866e+000	2.969953e+000
1.041661666666667e-006	1.000000e+000	3.000000e+000	3.004875e+000	2.969964e+000
1.041663666666667e-006	1.000000e+000	3.000000e+000	3.004885e+000	2.969974e+000
1.041664666666667e-006	1.000000e+000	3.000000e+000	3.004889e+000	2.969980e+000
1.041665666666667e-006	1.000000e+000	3.000000e+000	3.004894e+000	2.969985e+000
1.041666666666667e-006	1.000000e+000	3.000000e+000	3.004899e+000	2.969990e+000
1.041667666666667e-006	1.000000e+000	3.000000e+000	3.004904e+000	2.969996e+000
1.041667766666667e-006	9.000000e-001	3.000000e+000	3.004904e+000	2.969996e+000
1.041667966666667e-006	7.000000e-001	3.000000e+000	3.004905e+000	2.969997e+000
1.041668366666667e-006	3.000000e-001	3.000000e+000	3.004905e+000	2.969998e+000
1.041668666666667e-006	0.000000e+000	3.000000e+000	3.004905e+000	2.969998e+000
1.041668746666667e-006	0.000000e+000	3.000000e+000	3.004905e+000	2.969998e+000
1.041668906666667e-006	0.000000e+000	3.000000e+000	3.004905e+000	2.969998e+000
1.041669226666667e-006	0.000000e+000	3.000000e+000	3.004905e+000	2.969998e+000
1.041669866666667e-006	0.000000e+000	3.000000e+000	3.004904e+000	2.969998e+000
1.041671146666667e-006	0.000000e+000	3.000000e+000	3.004902e+000	2.969998e+000
1.041673706666667e-006	0.000000e+000	3.000000e+000	3.004899e+000	2.969998e+000
1.041678826666667e-006	0.000000e+000	3.000000e+000	3.004892e+000	2.969998e+000
1.041689066666668e-006	0.000000e+000	3.000000e+000	3.004879e+000	2.969998e+000
1.041709546666668e-006	0.000000e+000	3.000000e+000	3.004852e+000	2.969998e+000
1.041750506666669e-006	0.000000e+000	2.999999e+000	3.004798e+000	2.969998e+000
1.041832426666672e-006	0.000000e+000	2.999997e+000	3.004690e+000	2.969998e+000
1.041996266666676e-006	0.000000e+000	2.999988e+000	3.004477e+000	2.969998e+000
1.042323946666685e-006	0.000000e+000	2.999954e+000	3.004056e+000	2.969998e+000
1.042979306666703e-006	0.000000e+000	2.999816e+000	3.003231e+000	2.969998e+000
1.052154346666957e-006	0.000000e+000	2.988292e+000	2.993906e+000	2.969998e+000
1.062640106667246e-006	0.000000e+000	2.953362e+000	2.986820e+000	2.969999e+000
1.083611626667825e-006	0.000000e+000	2.826410e+000	2.978390e+000	2.969999e+000
1.113107031736792e-006	0.000000e+000	2.538982e+000	2.972868e+000	2.969998e+000
1.147055567695473e-006	0.000000e+000	2.079648e+000	2.970611e+000	2.969997e+000
1.168182102481015e-006	0.000000e+000	1.720486e+000	2.970192e+000	2.969995e+000
1.198032173723224e-006	0.000000e+000	1.134688e+000	2.970030e+000	2.969990e+000
1.219543916927479e-006	0.000000e+000	6.828616e-001	2.969977e+000	2.969986e+000
1.219544916927479e-006	0.000000e+000	6.828398e-001	2.969977e+000	2.969986e+000
1.219546916927479e-006	0.000000e+000	6.827958e-001	2.969977e+000	2.969986e+000
1.219550916927479e-006	0.000000e+000	6.827077e-001	2.969977e+000	2.969986e+000
1.219574916927480e-006	0.000000e+000	6.821790e-001	2.969977e+000	2.969986e+000
1.220740631213226e-006	0.000000e+000	6.564634e-001	2.969976e+000	2.969985e+000
1.221906345498973e-006	0.000000e+000	6.306939e-001	2.969975e+000	2.969985e+000
1.223072059784719e-006	0.000000e+000	6.048704e-001	2.969974e+000	2.969985e+000
1.224237774070466e-006	0.000000e+000	5.789931e-001	2.969973e+000	2.969985e+000
1.225403488356212e-006	0.000000e+000	5.530618e-001	2.969971e+000	2.969984e+000
1.226569202641959e-006	0.000000e+000	5.270767e-001	2.969970e+000	2.969984e+000
1.227734916927705e-006	0.000000e+000	5.010377e-001	2.969970e+000	2.969984e+000
1.235927916927931e-006	0.000000e+000	3.177061e-001	2.969963e+000	2.969982e+000
1.235933916927932e-006	0.000000e+000	3.175712e-001	2.969963e+000	2.969982e+000
1.235989916927933e-006	0.000000e+000	3.163116e-001	2.969963e+000	2.969982e+000
1.237151059785108e-006	0.000000e+000	2.901698e-001	2.969962e+000	2.969981e+000
1.238312202642283e-006	0.000000e+000	2.640131e-001	2.969961e+000	2.969981e+000
1.239473345499458e-006	0.000000e+000	2.378415e-001	2.969960e+000	2.969981e+000
1.240634488356633e-006	0.000000e+000	2.116550e-001	2.969960e+000	2.969980e+000
1.241795631213808e-006	0.000000e+000	1.854535e-001	2.969959e+000	2.969980e+000
1.242956774070983e-006	0.000000e+000	1.592372e-001	2.969958e+000	2.969980e+000
1.244117916928157e-006	0.000000e+000	1.330060e-001	2.969957e+000	2.969979e+000
1.244120916928158e-006	0.000000e+000	1.329382e-001	2.969957e+000	2.969979e+000
1.244124916928158e-006	0.000000e+000	1.328478e-001	2.969957e+000	2.969979e+000
1.244132916928158e-006	0.000000e+000	1.326670e-001	2.969957e+000	2.969979e+000
1.244180916928159e-006	0.000000e+000	1.315823e-001	2.969957e+000	2.969979e+000
1.244719643081271e-006	0.000000e+000	1.194062e-001	2.969957e+000	2.969979e+000
1.245258369234384e-006	0.000000e+000	1.072288e-001	2.969957e+000	2.969979e+000
1.245797095387496e-006	0.000000e+000	9.505013e-002	2.969957e+000	2.969979e+000
1.246335821540608e-006	0.000000e+000	8.287020e-002	2.969956e+000	2.969979e+000
1.246874547693720e-006	0.000000e+000	7.068900e-002	2.969956e+000	2.969979e+000
1.247413273846832e-006	0.000000e+000	5.850655e-002	2.969956e+000	2.969978e+000
1.247951999999944e-006	0.000000e+000	4.632283e-002	2.969955e+000	2.969978e+000
1.247954999999945e-006	0.000000e+000	4.625498e-002	2.969955e+000	2.969978e+000
1.247958999999945e-006	0.000000e+000	4.616451e-002	2.969955e+000	2.969978e+000
1.247966999999945e-006	0.000000e+000	4.598358e-002	2.969955e+000	2.969978e+000
1.248014999999946e-006	0.000000e+000	4.489797e-002	2.969955e+000	2.969978e+000
1.248462999999959e-006	0.000000e+000	3.476528e-002	2.969955e+000	2.969978e+000
1.248975999999973e-006	0.000000e+000	2.316210e-002	2.969954e+000	2.969978e+000
1.248981999999973e-006	0.000000e+000	2.302639e-002	2.969954e+000	2.969978e+000
1.249487999999987e-006	0.000000e+000	1.158114e-002	2.969954e+000	2.969978e+000
1.249499999999987e-006	0.000000e+000	1.130971e-002	2.969954e+000	2.969978e+000
1.249547999999989e-006	0.000000e+000	1.022398e-002	2.969954e+000	2.969978e+000
1.249579428571418e-006	0.000000e+000	9.513085e-003	2.969954e+000	2.969978e+000
1.249610857142847e-006	0.000000e+000	8.802191e-003	2.969954e+000	2.969978e+000
1.249642285714277e-006	0.000000e+000	8.091296e-003	2.969954e+000	2.969978e+000
1.249673714285706e-006	0.000000e+000	7.380401e-003	2.969954e+000	2.969978e+000
1.249705142857136e-006	0.000000e+000	6.669505e-003	2.969954e+000	2.969978e+000
1.249736571428565e-006	0.000000e+000	5.958610e-003	2.969954e+000	2.969978e+000
1.249767999999995e-006	0.000000e+000	5.247714e-003	2.969954e+000	2.969978e+000
1.249935999999999e-006	0.000000e+000	1.447646e-003	2.969954e+000	2.969978e+000
1.249969000000000e-006	0.000000e+000	7.012035e-004	2.969954e+000	2.969978e+000
1.249971000000000e-006	0.000000e+000	6.559645e-004	2.969954e+000	2.969978e+000
1.249975000000000e-006	0.000000e+000	5.654867e-004	2.969954e+000	2.969978e+000
1.249983000000001e-006	0.000000e+000	3.845309e-004	2.969954e+000	2.969978e+000
1.249986000000001e-006	0.000000e+000	3.166726e-004	2.969954e+000	2.969978e+000
1.249996000000001e-006	0.000000e+000	9.047787e-005	2.969954e+000	2.969978e+000
1.249997000000001e-006	0.000000e+000	6.785840e-005	2.969954e+000	2.969978e+000
1.249998000000001e-006	0.000000e+000	4.523894e-005	2.969954e+000	2.969978e+000
1.250000000000001e-006	0.000000e+000	-2.021410e-014	2.969954e+000	2.969978e+000
1.250000100000001e-006	1.000000e-001	-2.261947e-006	2.969954e+000	2.969978e+000
1.250000300000001e-006	3.000000e-001	-6.785840e-006	2.969950e+000	2.969975e+000
1.250000700000001e-006	7.000000e-001	-1.583363e-005	2.969928e+000	2.969955e+000
1.250001000000001e-006	1.000000e+000	-2.261947e-005	2.969900e+000	2.969930e+000
1.250001080000001e-006	1.000000e+000	-2.442902e-005	2.969891e+000	2.969922e+000
1.250001240000001e-006	1.000000e+000	-2.804814e-005	2.969873e+000	2.969907e+000
1.250001560000001e-006	1.000000e+000	-3.528637e-005	2.969838e+000	2.969875e+000
1.250002200000001e-006	1.000000e+000	-4.976283e-005	2.969766e+000	2.969812e+000
1.250003480000001e-006	1.000000e+000	-7.871575e-005	2.969624e+000	2.969686e+000
1.250006040000001e-006	1.000000e+000	-1.366216e-004	2.969338e+000	2.969433e+000
1.250021400000002e-006	1.000000e+000	-4.840566e-004	2.967625e+000	2.967918e+000
1.251516440000043e-006	1.000000e+000	-3.431225e-002	2.806458e+000	2.824638e+000
1.253011480000084e-006	1.000000e+000	-6.811467e-002	2.652477e+000	2.686953e+000
1.254506520000125e-006	1.000000e+000	-1.018913e-001	2.505681e+000	2.554864e+000
1.256001560000167e-006	1.000000e+000	-1.356422e-001	2.366071e+000	2.428370e+000
1.257496600000208e-006	1.000000e+000	-1.693673e-001	2.233648e+000	2.307472e+000
1.258991640000249e-006	1.000000e+000	-2.030666e-001	2.108409e+000	2.192169e+000
1.260486680000291e-006	1.000000e+000	-2.367402e-001	1.990357e+000	2.082461e+000
1.270972440000580e-006	1.000000e+000	-4.716449e-001	1.246627e+000	1.382438e+000
1.281799970871362e-006	1.000000e+000	-7.114872e-001	6.256395e-001	7.808920e-001
1.290556904144989e-006	1.000000e+000	-9.019983e-001	2.230570e-001	3.795830e-001
1.300656917381036e-006	1.000000e+000	-1.116726e+000	-1.636249e-001	-1.389784e-002
1.309748438043049e-006	1.000000e+000	-1.304132e+000	-4.631686e-001	-3.225551e-001
1.321969690860531e-006	1.000000e+000	-1.544434e+000	-8.118007e-001	-6.844808e-001
1.339305077388699e-006	1.000000e+000	-1.859560e+000	-1.241909e+000	-1.131742e+000
1.363270271061099e-006	1.000000e+000	-2.235277e+000	-1.748815e+000	-1.657765e+000
1.397136663820256e-006	1.000000e+000	-2.671759e+000	-2.360920e+000	-2.291375e+000
1.408733257838095e-006	1.000000e+000	-2.781870e+000	-2.532083e+000	-2.469007e+000
1.431926445873771e-006	1.000000e+000	-2.940732e+000	-2.814268e+000	-2.763699e+000
1.431927445873771e-006	1.000000e+000	-2.940737e+000	-2.814279e+000	-2.763710e+000
1.431929445873771e-006	1.000000e+000	-2.940747e+000	-2.814298e+000	-2.763731e+000
1.431933445873771e-006	1.000000e+000	-2.940764e+000	-2.814337e+000	-2.763772e+000
1.431941445873772e-006	1.000000e+000	-2.940800e+000	-2.814414e+000	-2.763854e+000
1.431957445873772e-006	1.000000e+000	-2.940872e+000	-2.814569e+000	-2.764018e+000
1.431989445873773e-006	1.000000e+000	-2.941015e+000	-2.814878e+000	-2.764345e+000
1.432053445873775e-006	1.000000e+000	-2.941299e+000	-2.815496e+000	-2.764999e+000
1.432437445873785e-006	1.000000e+000	-2.942992e+000	-2.819185e+000	-2.768906e+000
1.432949445873799e-006	1.000000e+000	-2.945200e+000	-2.824050e+000	-2.774062e+000
1.440117445873997e-006	1.000000e+000	-2.970330e+000	-2.885763e+000	-2.839924e+000
1.448310445874223e-006	1.000000e+000	-2.991438e+000	-2.947883e+000	-2.906883e+000
1.448312445874224e-006	1.000000e+000	-2.991441e+000	-2.947896e+000	-2.906897e+000
1.448316445874224e-006	1.000000e+000	-2.991448e+000	-2.947922e+000	-2.906926e+000
1.448324445874224e-006	1.000000e+000	-2.991462e+000	-2.947975e+000	-2.906984e+000
1.448340445874224e-006	1.000000e+000	-2.991489e+000	-2.948081e+000	-2.907099e+000
1.448372445874225e-006	1.000000e+000	-2.991543e+000	-2.948293e+000	-2.907331e+000
1.448436445874227e-006	1.000000e+000	-2.991651e+000	-2.948715e+000	-2.907791e+000
1.448564445874230e-006	1.000000e+000	-2.991864e+000	-2.949558e+000	-2.908711e+000
1.448820445874238e-006	1.000000e+000	-2.992281e+000	-2.951231e+000	-2.910537e+000
1.449332445874252e-006	1.000000e+000	-2.993072e+000	-2.954531e+000	-2.914146e+000
1.450356445874280e-006	1.000000e+000	-2.994486e+000	-2.960947e+000	-2.921180e+000
1.454666558415565e-006	1.000000e+000	-2.998838e+000	-2.986196e+000	-2.949044e+000
1.455523008580253e-006	1.000000e+000	-2.999286e+000	-2.990757e+000	-2.954128e+000
1.456621433003957e-006	1.000000e+000	-2.999750e+000	-2.996486e+000	-2.960528e+000
1.456622433003958e-006	1.000000e+000	-2.999750e+000	-2.996491e+000	-2.960533e+000
1.456624433003958e-006	1.000000e+000	-2.999751e+000	-2.996501e+000	-2.960545e+000
1.456628433003958e-006	1.000000e+000	-2.999752e+000	-2.996521e+000	-2.960567e+000
1.456636433003958e-006	1.000000e+000	-2.999754e+000	-2.996562e+000	-2.960613e+000
1.456652433003958e-006	1.000000e+000	-2.999759e+000	-2.996643e+000	-2.960704e+000
1.456684433003959e-006	1.000000e+000	-2.999768e+000	-2.996805e+000	-2.960886e+000
1.456748433003961e-006	1.000000e+000	-2.999785e+000	-2.997128e+000	-2.961248e+000
1.456876433003965e-006	1.000000e+000	-2.999818e+000	-2.997772e+000	-2.961970e+000
1.457132433003972e-006	1.000000e+000	-2.999871e+000	-2.999048e+000	-2.963403e+000
1.457644433003986e-006	1.000000e+000	-2.999959e+000	-3.001578e+000	-2.966247e+000
1.457645433003986e-006	1.000000e+000	-2.999960e+000	-3.001583e+000	-2.966253e+000
1.457647433003986e-006	1.000000e+000	-2.999960e+000	-3.001593e+000	-2.966264e+000
1.457651433003986e-006	1.000000e+000	-2.999960e+000	-3.001612e+000	-2.966285e+000
1.457659433003986e-006	1.000000e+000	-2.999961e+000	-3.001652e+000	-2.966330e+000
1.457675433003987e-006	1.000000e+000	-2.999963e+000	-3.001729e+000	-2.966417e+000
1.457707433003987e-006	1.000000e+000	-2.999967e+000	-3.001885e+000	-2.966593e+000
1.457771433003989e-006	1.000000e+000	-2.999973e+000	-3.002197e+000	-2.966943e+000
1.457899433003993e-006	1.000000e+000	-2.999983e+000	-3.002816e+000	-2.967642e+000
1.458078333333327e-006	1.000000e+000	-2.999995e+000	-3.003680e+000	-2.968615e+000
1.458079333333327e-006	1.000000e+000	-2.999995e+000	-3.003684e+000	-2.968620e+000
1.458081333333327e-006	1.000000e+000	-2.999995e+000	-3.003694e+000	-2.968631e+000
1.458085333333327e-006	1.000000e+000	-2.999995e+000	-3.003713e+000	-2.968652e+000
1.458093333333327e-006	1.000000e+000	-2.999995e+000	-3.003752e+000	-2.968696e+000
1.458109333333328e-006	1.000000e+000	-2.999996e+000	-3.003828e+000	-2.968782e+000
1.458141333333329e-006	1.000000e+000	-2.999997e+000	-3.003982e+000	-2.968955e+000
1.458205333333330e-006	1.000000e+000	-2.999999e+000	-3.004288e+000	-2.969301e+000
1.458206333333330e-006	1.000000e+000	-2.999999e+000	-3.004293e+000	-2.969306e+000
1.458208333333331e-006	1.000000e+000	-2.999999e+000	-3.004302e+000	-2.969317e+000
1.458212333333331e-006	1.000000e+000	-2.999999e+000	-3.004321e+000	-2.969339e+000
1.458220333333331e-006	1.000000e+000	-2.999999e+000	-3.004360e+000	-2.969382e+000
1.458236333333331e-006	1.000000e+000	-2.999999e+000	-3.004436e+000	-2.969468e+000
1.458268333333332e-006	1.000000e+000	-3.000000e+000	-3.004589e+000	-2.969640e+000
1.458270333333332e-006	1.000000e+000	-3.000000e+000	-3.004598e+000	-2.969651e+000
1.458274333333332e-006	1.000000e+000	-3.000000e+000	-3.004617e+000	-2.969672e+000
1.458282333333333e-006	1.000000e+000	-3.000000e+000	-3.004655e+000	-2.969716e+000
1.458298333333333e-006	1.000000e+000	-3.000000e+000	-3.004732e+000	-2.969802e+000
1.458302333333333e-006	1.000000e+000	-3.000000e+000	-3.004751e+000	-2.969823e+000
1.458310333333333e-006	1.000000e+000	-3.000000e+000	-3.004789e+000	-2.969866e+000
1.458318333333334e-006	1.000000e+000	-3.000000e+000	-3.004827e+000	-2.969909e+000
1.458319333333334e-006	1.000000e+000	-3.000000e+000	-3.004832e+000	-2.969914e+000
1.458321333333334e-006	1.000000e+000	-3.000000e+000	-3.004841e+000	-2.969925e+000
1.458325333333334e-006	1.000000e+000	-3.000000e+000	-3.004860e+000	-2.969947e+000
1.458326333333334e-006	1.000000e+000	-3.000000e+000	-3.004865e+000	-2.969952e+000
1.458328333333334e-006	1.000000e+000	-3.000000e+000	-3.004874e+000	-2.969963e+000
1.458330333333334e-006	1.000000e+000	-3.000000e+000	-3.004884e+000	-2.969974e+000
1.458331333333334e-006	1.000000e+000	-3.000000e+000	-3.004889e+000	-2.969979e+000
1.458332333333334e-006	1.000000e+000	-3.000000e+000	-3.004894e+000	-2.969984e+000
1.458333333333334e-006	1.000000e+000	-3.000000e+000	-3.004898e+000	-2.969990e+000
1.458334333333334e-006	1.000000e+000	-3.000000e+000	-3.004903e+000	-2.969995e+000
1.458334433333334e-006	9.000000e-001	-3.000000e+000	-3.004903e+000	-2.969995e+000
1.458334633333334e-006	7.000000e-001	-3.000000e+000	-3.004904e+000	-2.969996e+000
1.458335033333334e-006	3.000000e-001	-3.000000e+000	-3.004905e+000	-2.969997e+000
1.458335333333334e-006	0.000000e+000	-3.000000e+000	-3.004905e+000	-2.969998e+000
1.458335413333334e-006	0.000000e+000	-3.000000e+000	-3.004905e+000	-2.969998e+000
1.458335573333334e-006	0.000000e+000	-3.000000e+000	-3.004904e+000	-2.969998e+000
1.458335893333334e-006	0.000000e+000	-3.000000e+000	-3.004904e+000	-2.969998e+000
1.458336533333334e-006	0.000000e+000	-3.000000e+000	-3.004903e+000	-2.969998e+000
1.458337813333334e-006	0.000000e+000	-3.000000e+000	-3.004901e+000	-2.969998e+000
1.458340373333334e-006	0.000000e+000	-3.000000e+000	-3.004898e+000	-2.969998e+000
1.458345493333334e-006	0.000000e+000	-3.000000e+000	-3.004891e+000	-2.969998e+000
1.458355733333335e-006	0.000000e+000	-3.000000e+000	-3.004878e+000	-2.969998e+000
1.458376213333335e-006	0.000000e+000	-3.000000e+000	-3.004851e+000	-2.969998e+000
1.458417173333336e-006	0.000000e+000	-2.999999e+000	-3.004797e+000	-2.969998e+000
1.458499093333339e-006	0.000000e+000	-2.999997e+000	-3.004690e+000	-2.969998e+000
1.458662933333343e-006	0.000000e+000	-2.999988e+000	-3.004477e+000	-2.969998e+000
1.458990613333352e-006	0.000000e+000	-2.999954e+000	-3.004055e+000	-2.969998e+000
1.459645973333370e-006	0.000000e+000	-2.999816e+000	-3.003230e+000	-2.969998e+000
1.460956693333406e-006	0.000000e+000	-2.999267e+000	-3.001655e+000	-2.969998e+000
1.468821013333624e-006	0.000000e+000	-2.988292e+000	-2.993905e+000	-2.969998e+000
1.479306773333913e-006	0.000000e+000	-2.953362e+000	-2.986819e+000	-2.969998e+000
1.500278293334492e-006	0.000000e+000	-2.826410e+000	-2.978389e+000	-2.969998e+000
1.529773702127396e-006	0.000000e+000	-2.538982e+000	-2.972868e+000	-2.969998e+000
1.563722243988840e-006	0.000000e+000	-2.079648e+000	-2.970610e+000	-2.969996e+000
1.584848738552571e-006	0.000000e+000	-1.720486e+000	-2.970192e+000	-2.969994e+000
1.614698591955163e-006	0.000000e+000	-1.134693e+000	-2.970030e+000	-2.969989e+000
1.636210761992104e-006	0.000000e+000	-6.828576e-001	-2.969976e+000	-2.969985e+000
1.636213761992104e-006	0.000000e+000	-6.827918e-001	-2.969976e+000	-2.969985e+000
1.636225761992104e-006	0.000000e+000	-6.825275e-001	-2.969976e+000	-2.969985e+000
1.636241761992105e-006	0.000000e+000	-6.821751e-001	-2.969976e+000	-2.969985e+000
1.636465761992111e-006	0.000000e+000	-6.772398e-001	-2.969976e+000	-2.969985e+000
1.652596761992556e-006	0.000000e+000	-3.176571e-001	-2.969962e+000	-2.969981e+000
1.652608761992557e-006	0.000000e+000	-3.173872e-001	-2.969962e+000	-2.969981e+000
1.652656761992558e-006	0.000000e+000	-3.163076e-001	-2.969962e+000	-2.969981e+000
1.653818047706876e-006	0.000000e+000	-2.901626e-001	-2.969961e+000	-2.969981e+000
1.654979333421193e-006	0.000000e+000	-2.640026e-001	-2.969961e+000	-2.969980e+000
1.656140619135511e-006	0.000000e+000	-2.378278e-001	-2.969960e+000	-2.969980e+000
1.657301904849829e-006	0.000000e+000	-2.116380e-001	-2.969959e+000	-2.969980e+000
1.658463190564147e-006	0.000000e+000	-1.854334e-001	-2.969958e+000	-2.969979e+000
1.659624476278464e-006	0.000000e+000	-1.592138e-001	-2.969958e+000	-2.969979e+000
1.660785761992782e-006	0.000000e+000	-1.329793e-001	-2.969957e+000	-2.969979e+000
1.660791761992783e-006	0.000000e+000	-1.328438e-001	-2.969957e+000	-2.969979e+000
1.660799761992783e-006	0.000000e+000	-1.326630e-001	-2.969957e+000	-2.969979e+000
1.660847761992784e-006	0.000000e+000	-1.315783e-001	-2.969957e+000	-2.969979e+000
1.664619666666611e-006	0.000000e+000	-4.630021e-002	-2.969954e+000	-2.969978e+000
1.664621666666612e-006	0.000000e+000	-4.625498e-002	-2.969954e+000	-2.969978e+000
1.664633666666612e-006	0.000000e+000	-4.598358e-002	-2.969954e+000	-2.969978e+000
1.664681666666613e-006	0.000000e+000	-4.489797e-002	-2.969954e+000	-2.969978e+000
1.665129666666626e-006	0.000000e+000	-3.476528e-002	-2.969954e+000	-2.969977e+000
1.665642666666640e-006	0.000000e+000	-2.316210e-002	-2.969954e+000	-2.969977e+000
1.665648666666640e-006	0.000000e+000	-2.302639e-002	-2.969954e+000	-2.969977e+000
1.665704666666641e-006	0.000000e+000	-2.175974e-002	-2.969954e+000	-2.969977e+000
1.666154666666654e-006	0.000000e+000	-1.158114e-002	-2.969954e+000	-2.969977e+000
1.666158666666654e-006	0.000000e+000	-1.149066e-002	-2.969954e+000	-2.969977e+000
1.666215238095227e-006	0.000000e+000	-1.021105e-002	-2.969954e+000	-2.969977e+000
1.666271809523800e-006	0.000000e+000	-8.931444e-003	-2.969954e+000	-2.969977e+000
1.666328380952373e-006	0.000000e+000	-7.651833e-003	-2.969954e+000	-2.969977e+000
1.666384952380946e-006	0.000000e+000	-6.372222e-003	-2.969954e+000	-2.969977e+000
1.666441523809519e-006	0.000000e+000	-5.092609e-003	-2.969953e+000	-2.969977e+000
1.666498095238092e-006	0.000000e+000	-3.812995e-003	-2.969953e+000	-2.969977e+000
1.666554666666665e-006	0.000000e+000	-2.533380e-003	-2.969953e+000	-2.969977e+000
1.666602666666666e-006	0.000000e+000	-1.447646e-003	-2.969953e+000	-2.969977e+000
1.666641666666667e-006	0.000000e+000	-5.654867e-004	-2.969953e+000	-2.969977e+000
1.666650666666668e-006	0.000000e+000	-3.619115e-004	-2.969953e+000	-2.969977e+000
1.666656666666668e-006	0.000000e+000	-2.261947e-004	-2.969953e+000	-2.969977e+000
1.666658666666668e-006	0.000000e+000	-1.809557e-004	-2.969953e+000	-2.969977e+000
1.666665666666668e-006	0.000000e+000	-2.261947e-005	-2.969953e+000	-2.969977e+000
1.666666666666668e-006	0.000000e+000	2.517578e-014	-2.969953e+000	-2.969977e+000
1.666666766666668e-006	1.000000e-001	2.261947e-006	-2.969953e+000	-2.969977e+000
1.666666966666668e-006	3.000000e-001	6.785840e-006	-2.969950e+000	-2.969974e+000
1.666667366666668e-006	7.000000e-001	1.583363e-005	-2.969927e+000	-2.969954e+000
1.666667666666668e-006	1.000000e+000	2.261947e-005	-2.969900e+000	-2.969929e+000
1.666667746666668e-006	1.000000e+000	2.442902e-005	-2.969891e+000	-2.969922e+000
1.666667906666668e-006	1.000000e+000	2.804814e-005	-2.969873e+000	-2.969906e+000
1.666668226666668e-006	1.000000e+000	3.528637e-005	-2.969837e+000	-2.969874e+000
1.666668866666668e-006	1.000000e+000	4.976283e-005	-2.969766e+000	-2.969811e+000
1.666670146666668e-006	1.000000e+000	7.871575e-005	-2.969623e+000	-2.969685e+000
1.666672706666668e-006	1.000000e+000	1.366216e-004	-2.969337e+000	-2.969432e+000
1.666677826666668e-006	1.000000e+000	2.524333e-004	-2.968766e+000	-2.968927e+000
1.668174329523852e-006	1.000000e+000	3.411375e-002	-2.807385e+000	-2.825464e+000
1.669670832381037e-006	1.000000e+000	6.794929e-002	-2.653207e+000	-2.687609e+000
1.671167335238221e-006	1.000000e+000	1.017590e-001	-2.506231e+000	-2.555363e+000
1.672663838095405e-006	1.000000e+000	1.355430e-001	-2.366458e+000	-2.428725e+000
1.674160340952589e-006	1.000000e+000	1.693012e-001	-2.233888e+000	-2.307695e+000
1.675656843809773e-006	1.000000e+000	2.030336e-001	-2.108521e+000	-2.192274e+000
1.677153346666958e-006	1.000000e+000	2.367402e-001	-1.990357e+000	-2.082461e+000
1.687639106667247e-006	1.000000e+000	4.716449e-001	-1.246627e+000	-1.382438e+000
1.698466637699425e-006	1.000000e+000	7.114872e-001	-6.256393e-001	-7.808917e-001
1.707223570861097e-006	1.000000e+000	9.019982e-001	-2.230569e-001	-3.795828e-001
1.717323584209357e-006	1.000000e+000	1.116726e+000	1.636250e-001	1.389796e-002
1.726415105691753e-006	1.000000e+000	1.304132e+000	4.631686e-001	3.225552e-001
1.738636361991477e-006	1.000000e+000	1.546148e+000	8.158063e-001	6.886450e-001
1.750000000000000e-006	1.000000e+000	1.763356e+000	1.116125e+000	1.001262e+000
