time	V(logic)	V(signal_in)	V(signal_out)	V(vc)
0.000000000000000e+000	0.000000e+000	0.000000e+000	0.000000e+000	0.000000e+000
1.000000000000000e-012	1.000000e+000	2.261947e-005	1.074416e-015	1.899978e-015
1.957115140488495e-010	1.000000e+000	4.426907e-003	-1.030286e-007	-1.803702e-007
3.904230280976990e-010	1.000000e+000	8.831161e-003	1.848585e-009	4.659565e-009
5.851345421465485e-010	1.000000e+000	1.323538e-002	3.146316e-007	5.550892e-007
7.798460561953980e-010	1.000000e+000	1.763957e-002	8.353205e-007	1.470919e-006
9.745575702442475e-010	1.000000e+000	2.204372e-002	1.563915e-006	2.752148e-006
1.169269084293097e-009	1.000000e+000	2.644784e-002	2.500416e-006	4.398777e-006
1.363980598341946e-009	1.000000e+000	3.085193e-002	3.644822e-006	6.410806e-006
1.701657184557511e-009	1.000000e+000	3.848945e-002	7.065997e-006	1.241179e-005
2.123528157447765e-009	1.000000e+000	4.803087e-002	1.370441e-005	2.403282e-005
2.650734207516093e-009	1.000000e+000	5.995390e-002	2.658854e-005	4.653148e-005
3.310193902598419e-009	1.000000e+000	7.486646e-002	5.161631e-005	9.010093e-005
4.135699320700001e-009	1.000000e+000	9.353100e-002	1.002658e-004	1.744673e-004
5.170407481245931e-009	1.000000e+000	1.169200e-001	1.949446e-004	3.378742e-004
6.469169970799647e-009	1.000000e+000	1.462667e-001	3.794397e-004	6.544121e-004
8.102718642894089e-009	1.000000e+000	1.831563e-001	7.396307e-004	1.267856e-003
1.016257395890768e-008	1.000000e+000	2.296293e-001	1.444471e-003	2.457351e-003
1.276914137547622e-008	1.000000e+000	2.883491e-001	2.828225e-003	4.766253e-003
1.608302546480814e-008	1.000000e+000	3.628247e-001	5.556680e-003	9.255290e-003
2.032412083045751e-008	1.000000e+000	4.577694e-001	1.097007e-002	1.800749e-002
2.580349414163070e-008	1.000000e+000	5.796549e-001	2.180766e-002	3.515220e-002
3.298490221531195e-008	1.000000e+000	7.376900e-001	4.380853e-002	6.901995e-002
4.261745570259549e-008	1.000000e+000	9.456834e-001	8.950634e-002	1.369585e-001
5.609269894035515e-008	1.000000e+000	1.226734e+000	1.867528e-001	2.752040e-001
7.491754817441423e-008	1.000000e+000	1.597477e+000	3.784176e-001	5.342042e-001
9.450835204269521e-008	1.000000e+000	1.946984e+000	6.362809e-001	8.617724e-001
1.204177952045213e-007	1.000000e+000	2.340441e+000	1.035985e+000	1.336064e+000
1.482594068472557e-007	1.000000e+000	2.675101e+000	1.493732e+000	1.844426e+000
1.694651626000467e-007	1.000000e+000	2.870139e+000	1.845113e+000	2.214499e+000
1.717608125517806e-007	1.000000e+000	2.886230e+000	1.882336e+000	2.252230e+000
1.763521124552484e-007	1.000000e+000	2.911454e+000	1.954708e+000	2.323731e+000
1.855347122621840e-007	1.000000e+000	2.954079e+000	2.096320e+000	2.461699e+000
1.899691337194618e-007	1.000000e+000	2.969625e+000	2.162462e+000	2.524924e+000
1.988379766340173e-007	1.000000e+000	2.992315e+000	2.290818e+000	2.645575e+000
1.988389766340173e-007	1.000000e+000	2.992316e+000	2.290833e+000	2.645588e+000
1.988409766340173e-007	1.000000e+000	2.992320e+000	2.290861e+000	2.645614e+000
1.988449766340173e-007	1.000000e+000	2.992326e+000	2.290917e+000	2.645666e+000
1.988529766340173e-007	1.000000e+000	2.992339e+000	2.291029e+000	2.645769e+000
1.988689766340173e-007	1.000000e+000	2.992365e+000	2.291253e+000	2.645976e+000
1.989649766340175e-007	1.000000e+000	2.992519e+000	2.292596e+000	2.647216e+000
1.990929766340176e-007	1.000000e+000	2.992721e+000	2.294385e+000	2.648868e+000
2.042383333333284e-007	1.000000e+000	2.998487e+000	2.365007e+000	2.713484e+000
2.057236199347202e-007	1.000000e+000	2.999419e+000	2.384982e+000	2.731581e+000
2.057246199347202e-007	1.000000e+000	2.999420e+000	2.384995e+000	2.731593e+000
2.057266199347202e-007	1.000000e+000	2.999421e+000	2.385022e+000	2.731617e+000
2.057306199347202e-007	1.000000e+000	2.999422e+000	2.385075e+000	2.731665e+000
2.057386199347202e-007	1.000000e+000	2.999426e+000	2.385182e+000	2.731761e+000
2.057546199347202e-007	1.000000e+000	2.999433e+000	2.385396e+000	2.731954e+000
2.057866199347203e-007	1.000000e+000	2.999447e+000	2.385822e+000	2.732339e+000
2.058506199347203e-007	1.000000e+000	2.999474e+000	2.386676e+000	2.733109e+000
2.059786199347205e-007	1.000000e+000	2.999526e+000	2.388381e+000	2.734647e+000
2.067466199347214e-007	1.000000e+000	2.999773e+000	2.398573e+000	2.743824e+000
2.073103333333318e-007	1.000000e+000	2.999911e+000	2.406029e+000	2.750525e+000
2.073113333333318e-007	1.000000e+000	2.999911e+000	2.406042e+000	2.750537e+000
2.073133333333318e-007	1.000000e+000	2.999911e+000	2.406069e+000	2.750561e+000
2.073173333333318e-007	1.000000e+000	2.999912e+000	2.406121e+000	2.750608e+000
2.073253333333319e-007	1.000000e+000	2.999913e+000	2.406227e+000	2.750703e+000
2.073413333333319e-007	1.000000e+000	2.999916e+000	2.406438e+000	2.750892e+000
2.073733333333319e-007	1.000000e+000	2.999921e+000	2.406860e+000	2.751271e+000
2.074373333333320e-007	1.000000e+000	2.999931e+000	2.407703e+000	2.752027e+000
2.075653333333321e-007	1.000000e+000	2.999948e+000	2.409387e+000	2.753538e+000
2.078213333333324e-007	1.000000e+000	2.999978e+000	2.412754e+000	2.756556e+000
2.078223333333324e-007	1.000000e+000	2.999978e+000	2.412767e+000	2.756567e+000
2.078243333333324e-007	1.000000e+000	2.999978e+000	2.412793e+000	2.756591e+000
2.078283333333324e-007	1.000000e+000	2.999978e+000	2.412846e+000	2.756638e+000
2.078363333333324e-007	1.000000e+000	2.999979e+000	2.412951e+000	2.756732e+000
2.078523333333324e-007	1.000000e+000	2.999980e+000	2.413161e+000	2.756920e+000
2.078843333333325e-007	1.000000e+000	2.999983e+000	2.413581e+000	2.757297e+000
2.079483333333326e-007	1.000000e+000	2.999987e+000	2.414421e+000	2.758049e+000
2.080763333333327e-007	1.000000e+000	2.999994e+000	2.416100e+000	2.759552e+000
2.080783333333327e-007	1.000000e+000	2.999995e+000	2.416126e+000	2.759575e+000
2.080823333333327e-007	1.000000e+000	2.999995e+000	2.416178e+000	2.759622e+000
2.080903333333327e-007	1.000000e+000	2.999995e+000	2.416283e+000	2.759716e+000
2.081063333333327e-007	1.000000e+000	2.999996e+000	2.416493e+000	2.759903e+000
2.081383333333328e-007	1.000000e+000	2.999997e+000	2.416912e+000	2.760279e+000
2.082023333333328e-007	1.000000e+000	2.999999e+000	2.417750e+000	2.761029e+000
2.082063333333328e-007	1.000000e+000	2.999999e+000	2.417803e+000	2.761076e+000
2.082143333333329e-007	1.000000e+000	2.999999e+000	2.417907e+000	2.761169e+000
2.082623333333329e-007	1.000000e+000	3.000000e+000	2.418536e+000	2.761731e+000
2.082703333333329e-007	1.000000e+000	3.000000e+000	2.418641e+000	2.761825e+000
2.082863333333329e-007	1.000000e+000	3.000000e+000	2.418850e+000	2.762012e+000
2.083023333333330e-007	1.000000e+000	3.000000e+000	2.419059e+000	2.762200e+000
2.083033333333330e-007	1.000000e+000	3.000000e+000	2.419072e+000	2.762211e+000
2.083053333333330e-007	1.000000e+000	3.000000e+000	2.419099e+000	2.762235e+000
2.083093333333330e-007	1.000000e+000	3.000000e+000	2.419151e+000	2.762282e+000
2.083173333333330e-007	1.000000e+000	3.000000e+000	2.419256e+000	2.762375e+000
2.083183333333330e-007	1.000000e+000	3.000000e+000	2.419269e+000	2.762387e+000
2.083203333333330e-007	1.000000e+000	3.000000e+000	2.419295e+000	2.762410e+000
2.083243333333330e-007	1.000000e+000	3.000000e+000	2.419347e+000	2.762457e+000
2.083263333333330e-007	1.000000e+000	3.000000e+000	2.419374e+000	2.762480e+000
2.083303333333330e-007	1.000000e+000	3.000000e+000	2.419426e+000	2.762527e+000
2.083313333333330e-007	1.000000e+000	3.000000e+000	2.419439e+000	2.762539e+000
2.083323333333330e-007	1.000000e+000	3.000000e+000	2.419452e+000	2.762551e+000
2.083333333333330e-007	1.000000e+000	3.000000e+000	2.419465e+000	2.762562e+000
2.083343333333330e-007	1.000000e+000	3.000000e+000	2.419478e+000	2.762574e+000
2.083344333333330e-007	9.000000e-001	3.000000e+000	2.419479e+000	2.762575e+000
2.083346333333330e-007	7.000000e-001	3.000000e+000	2.419482e+000	2.762577e+000
2.083350333333330e-007	3.000000e-001	3.000000e+000	2.419486e+000	2.762579e+000
2.083353333333330e-007	0.000000e+000	3.000000e+000	2.419488e+000	2.762580e+000
2.083354133333330e-007	0.000000e+000	3.000000e+000	2.419488e+000	2.762580e+000
2.083355733333330e-007	0.000000e+000	3.000000e+000	2.419489e+000	2.762580e+000
2.083358933333330e-007	0.000000e+000	3.000000e+000	2.419491e+000	2.762580e+000
2.083365333333330e-007	0.000000e+000	3.000000e+000	2.419496e+000	2.762580e+000
2.083378133333330e-007	0.000000e+000	3.000000e+000	2.419504e+000	2.762580e+000
2.083403733333330e-007	0.000000e+000	3.000000e+000	2.419520e+000	2.762580e+000
2.083454933333330e-007	0.000000e+000	3.000000e+000	2.419554e+000	2.762580e+000
2.083557333333330e-007	0.000000e+000	3.000000e+000	2.419620e+000	2.762580e+000
2.083762133333330e-007	0.000000e+000	3.000000e+000	2.419752e+000	2.762580e+000
2.084171733333331e-007	0.000000e+000	2.999999e+000	2.420016e+000	2.762580e+000
2.084990933333332e-007	0.000000e+000	2.999997e+000	2.420545e+000	2.762580e+000
2.086629333333333e-007	0.000000e+000	2.999988e+000	2.421598e+000	2.762580e+000
2.089906133333337e-007	0.000000e+000	2.999954e+000	2.423693e+000	2.762580e+000
2.135781333333389e-007	0.000000e+000	2.997069e+000	2.451403e+000	2.762580e+000
2.188210133333449e-007	0.000000e+000	2.988292e+000	2.479725e+000	2.762580e+000
2.293067733333568e-007	0.000000e+000	2.953362e+000	2.527500e+000	2.762581e+000
2.502782933333805e-007	0.000000e+000	2.819207e+000	2.597755e+000	2.762582e+000
2.886959514748044e-007	0.000000e+000	2.411484e+000	2.678672e+000	2.762583e+000
3.296200831741380e-007	0.000000e+000	1.794519e+000	2.725627e+000	2.762584e+000
3.629148445069757e-007	0.000000e+000	1.168673e+000	2.744364e+000	2.762583e+000
3.870101818845622e-007	0.000000e+000	6.635970e-001	2.751823e+000	2.762581e+000
3.930262417431578e-007	0.000000e+000	5.314057e-001	2.753065e+000	2.762580e+000
4.050583614603491e-007	0.000000e+000	2.617120e-001	2.754948e+000	2.762578e+000
4.166666666666670e-007	0.000000e+000	-6.293944e-015	2.756522e+000	2.762576e+000
4.166667666666670e-007	1.000000e-001	-2.261947e-006	2.756522e+000	2.762576e+000
4.166669666666670e-007	3.000000e-001	-6.785840e-006	2.756521e+000	2.762574e+000
4.166673666666669e-007	7.000000e-001	-1.583363e-005	2.756513e+000	2.762560e+000
4.166676666666670e-007	1.000000e+000	-2.261947e-005	2.756504e+000	2.762543e+000
4.166677466666669e-007	1.000000e+000	-2.442902e-005	2.756500e+000	2.762538e+000
4.166679066666669e-007	1.000000e+000	-2.804814e-005	2.756495e+000	2.762527e+000
4.166682266666669e-007	1.000000e+000	-3.528637e-005	2.756482e+000	2.762505e+000
4.166688666666669e-007	1.000000e+000	-4.976283e-005	2.756458e+000	2.762461e+000
4.166701466666669e-007	1.000000e+000	-7.871575e-005	2.756408e+000	2.762374e+000
4.166727066666668e-007	1.000000e+000	-1.366216e-004	2.756310e+000	2.762199e+000
4.166880666666664e-007	1.000000e+000	-4.840566e-004	2.755718e+000	2.761151e+000
4.167085466666659e-007	1.000000e+000	-9.473033e-004	2.754930e+000	2.759753e+000
4.170771866666566e-007	1.000000e+000	-9.285908e-003	2.740768e+000	2.734743e+000
4.174458266666472e-007	1.000000e+000	-1.762411e-002	2.726649e+000	2.709965e+000
4.178144666666379e-007	1.000000e+000	-2.596192e-002	2.712574e+000	2.685422e+000
4.181831066666285e-007	1.000000e+000	-3.429932e-002	2.698543e+000	2.661111e+000
4.185517466666192e-007	1.000000e+000	-4.263633e-002	2.684555e+000	2.637035e+000
4.189203866666099e-007	1.000000e+000	-5.097294e-002	2.670612e+000	2.613192e+000
4.192890266666005e-007	1.000000e+000	-5.930914e-002	2.656713e+000	2.589582e+000
4.219104666665341e-007	1.000000e+000	-1.185540e-001	2.559059e+000	2.427632e+000
4.271533466664013e-007	1.000000e+000	-2.367402e-001	2.369640e+000	2.131637e+000
4.376391066661357e-007	1.000000e+000	-4.712806e-001	2.008687e+000	1.616261e+000
4.526404598142765e-007	1.000000e+000	-8.011723e-001	1.522985e+000	9.943751e-001
4.677816602146756e-007	1.000000e+000	-1.124481e+000	1.064048e+000	4.666088e-001
4.815229405781501e-007	1.000000e+000	-1.405383e+000	6.727806e-001	5.304837e-002
4.955424657700885e-007	1.000000e+000	-1.675233e+000	2.955610e-001	-3.244737e-001
5.120447037216217e-007	1.000000e+000	-1.962791e+000	-1.215006e-001	-7.270479e-001
5.401217903572198e-007	1.000000e+000	-2.369199e+000	-7.733314e-001	-1.338882e+000
5.783035051528324e-007	1.000000e+000	-2.807928e+000	-1.588205e+000	-2.088243e+000
5.837631637554997e-007	1.000000e+000	-2.853729e+000	-1.694691e+000	-2.184314e+000
5.946824809608343e-007	1.000000e+000	-2.918123e+000	-1.891562e+000	-2.358854e+000
6.080412307430071e-007	1.000000e+000	-2.974022e+000	-2.117984e+000	-2.556515e+000
6.152432696926472e-007	1.000000e+000	-2.991886e+000	-2.232059e+000	-2.654260e+000
6.152442696926472e-007	1.000000e+000	-2.991888e+000	-2.232075e+000	-2.654273e+000
6.152462696926473e-007	1.000000e+000	-2.991891e+000	-2.232105e+000	-2.654299e+000
6.152502696926474e-007	1.000000e+000	-2.991898e+000	-2.232167e+000	-2.654351e+000
6.152582696926476e-007	1.000000e+000	-2.991911e+000	-2.232289e+000	-2.654455e+000
6.152742696926481e-007	1.000000e+000	-2.991938e+000	-2.232533e+000	-2.654662e+000
6.153062696926490e-007	1.000000e+000	-2.991991e+000	-2.233022e+000	-2.655077e+000
6.157542696926613e-007	1.000000e+000	-2.992708e+000	-2.239853e+000	-2.660863e+000
6.218675393857467e-007	1.000000e+000	-2.999114e+000	-2.330704e+000	-2.737226e+000
6.230759212282805e-007	1.000000e+000	-2.999684e+000	-2.348173e+000	-2.751780e+000
6.230769212282805e-007	1.000000e+000	-2.999685e+000	-2.348187e+000	-2.751792e+000
6.230789212282806e-007	1.000000e+000	-2.999685e+000	-2.348216e+000	-2.751816e+000
6.230829212282807e-007	1.000000e+000	-2.999687e+000	-2.348274e+000	-2.751863e+000
6.230909212282809e-007	1.000000e+000	-2.999689e+000	-2.348388e+000	-2.751959e+000
6.231069212282813e-007	1.000000e+000	-2.999694e+000	-2.348618e+000	-2.752150e+000
6.231389212282822e-007	1.000000e+000	-2.999705e+000	-2.349077e+000	-2.752531e+000
6.232029212282840e-007	1.000000e+000	-2.999724e+000	-2.349995e+000	-2.753294e+000
6.233309212282875e-007	1.000000e+000	-2.999761e+000	-2.351829e+000	-2.754817e+000
6.235869212282946e-007	1.000000e+000	-2.999824e+000	-2.355488e+000	-2.757855e+000
6.240989212283087e-007	1.000000e+000	-2.999931e+000	-2.362794e+000	-2.763915e+000
6.240999212283088e-007	1.000000e+000	-2.999931e+000	-2.362808e+000	-2.763927e+000
6.241019212283088e-007	1.000000e+000	-2.999931e+000	-2.362836e+000	-2.763950e+000
6.241059212283089e-007	1.000000e+000	-2.999932e+000	-2.362893e+000	-2.763997e+000
6.241139212283091e-007	1.000000e+000	-2.999933e+000	-2.363007e+000	-2.764091e+000
6.241299212283096e-007	1.000000e+000	-2.999935e+000	-2.363235e+000	-2.764280e+000
6.241619212283105e-007	1.000000e+000	-2.999940e+000	-2.363690e+000	-2.764657e+000
6.242259212283122e-007	1.000000e+000	-2.999949e+000	-2.364599e+000	-2.765411e+000
6.243539212283158e-007	1.000000e+000	-2.999963e+000	-2.366417e+000	-2.766916e+000
6.246099212283228e-007	1.000000e+000	-2.999987e+000	-2.370049e+000	-2.769923e+000
6.246109212283229e-007	1.000000e+000	-2.999987e+000	-2.370063e+000	-2.769935e+000
6.246129212283229e-007	1.000000e+000	-2.999987e+000	-2.370091e+000	-2.769958e+000
6.246169212283230e-007	1.000000e+000	-2.999988e+000	-2.370148e+000	-2.770005e+000
6.246249212283232e-007	1.000000e+000	-2.999988e+000	-2.370261e+000	-2.770099e+000
6.246409212283237e-007	1.000000e+000	-2.999989e+000	-2.370488e+000	-2.770287e+000
6.246729212283246e-007	1.000000e+000	-2.999991e+000	-2.370941e+000	-2.770662e+000
6.247369212283263e-007	1.000000e+000	-2.999994e+000	-2.371847e+000	-2.771411e+000
6.248649212283299e-007	1.000000e+000	-2.999998e+000	-2.373657e+000	-2.772908e+000
6.248659212283299e-007	1.000000e+000	-2.999999e+000	-2.373671e+000	-2.772920e+000
6.248679212283300e-007	1.000000e+000	-2.999999e+000	-2.373700e+000	-2.772943e+000
6.248719212283301e-007	1.000000e+000	-2.999999e+000	-2.373756e+000	-2.772990e+000
6.248799212283303e-007	1.000000e+000	-2.999999e+000	-2.373869e+000	-2.773084e+000
6.248959212283307e-007	1.000000e+000	-2.999999e+000	-2.374095e+000	-2.773271e+000
6.249369999999982e-007	1.000000e+000	-3.000000e+000	-2.374676e+000	-2.773751e+000
6.249551575433314e-007	1.000000e+000	-3.000000e+000	-2.374932e+000	-2.773963e+000
6.249646849133336e-007	1.000000e+000	-3.000000e+000	-2.375067e+000	-2.774074e+000
6.249837396533378e-007	1.000000e+000	-3.000000e+000	-2.375336e+000	-2.774296e+000
6.249847396533379e-007	1.000000e+000	-3.000000e+000	-2.375350e+000	-2.774308e+000
6.249867396533379e-007	1.000000e+000	-3.000000e+000	-2.375378e+000	-2.774331e+000
6.249907396533380e-007	1.000000e+000	-3.000000e+000	-2.375435e+000	-2.774378e+000
6.249929999999998e-007	1.000000e+000	-3.000000e+000	-2.375467e+000	-2.774405e+000
6.249964793066765e-007	1.000000e+000	-3.000000e+000	-2.375516e+000	-2.774445e+000
6.249974793066766e-007	1.000000e+000	-3.000000e+000	-2.375530e+000	-2.774457e+000
6.250000000000000e-007	1.000000e+000	-3.000000e+000	-2.375566e+000	-2.774486e+000
6.250010000000000e-007	1.000000e+000	-3.000000e+000	-2.375580e+000	-2.774498e+000
6.250011000000000e-007	9.000000e-001	-3.000000e+000	-2.375581e+000	-2.774499e+000
6.250013000000000e-007	7.000000e-001	-3.000000e+000	-2.375584e+000	-2.774501e+000
6.250017000000000e-007	3.000000e-001	-3.000000e+000	-2.375588e+000	-2.774503e+000
6.250020000000000e-007	0.000000e+000	-3.000000e+000	-2.375590e+000	-2.774503e+000
6.250020800000000e-007	0.000000e+000	-3.000000e+000	-2.375591e+000	-2.774503e+000
6.250022400000000e-007	0.000000e+000	-3.000000e+000	-2.375592e+000	-2.774503e+000
6.250025600000000e-007	0.000000e+000	-3.000000e+000	-2.375595e+000	-2.774503e+000
6.250032000000000e-007	0.000000e+000	-3.000000e+000	-2.375599e+000	-2.774503e+000
6.250044800000000e-007	0.000000e+000	-3.000000e+000	-2.375609e+000	-2.774503e+000
6.250070400000001e-007	0.000000e+000	-3.000000e+000	-2.375628e+000	-2.774503e+000
6.250121600000002e-007	0.000000e+000	-3.000000e+000	-2.375667e+000	-2.774503e+000
6.250224000000005e-007	0.000000e+000	-3.000000e+000	-2.375744e+000	-2.774503e+000
6.250428800000011e-007	0.000000e+000	-3.000000e+000	-2.375898e+000	-2.774503e+000
6.250838400000022e-007	0.000000e+000	-2.999999e+000	-2.376205e+000	-2.774503e+000
6.253296000000090e-007	0.000000e+000	-2.999988e+000	-2.378044e+000	-2.774503e+000
6.263126400000362e-007	0.000000e+000	-2.999816e+000	-2.385295e+000	-2.774503e+000
6.302448000001447e-007	0.000000e+000	-2.997069e+000	-2.412698e+000	-2.774504e+000
6.354876800002895e-007	0.000000e+000	-2.988292e+000	-2.445629e+000	-2.774504e+000
6.459734400005789e-007	0.000000e+000	-2.953362e+000	-2.501178e+000	-2.774504e+000
6.669449600011577e-007	0.000000e+000	-2.819207e+000	-2.582864e+000	-2.774505e+000
7.053626181432448e-007	0.000000e+000	-2.411822e+000	-2.677012e+000	-2.774507e+000
7.460111300588547e-007	0.000000e+000	-1.799216e+000	-2.731286e+000	-2.774508e+000
7.797411499886695e-007	0.000000e+000	-1.179506e+000	-2.755036e+000	-2.774507e+000
7.797421499886695e-007	0.000000e+000	-1.179486e+000	-2.755037e+000	-2.774507e+000
7.797441499886695e-007	0.000000e+000	-1.179444e+000	-2.755038e+000	-2.774507e+000
7.797481499886697e-007	0.000000e+000	-1.179361e+000	-2.755039e+000	-2.774507e+000
7.797561499886699e-007	0.000000e+000	-1.179195e+000	-2.755042e+000	-2.774507e+000
7.797721499886703e-007	0.000000e+000	-1.178862e+000	-2.755048e+000	-2.774507e+000
7.798041499886712e-007	0.000000e+000	-1.178196e+000	-2.755060e+000	-2.774507e+000
7.798681499886730e-007	0.000000e+000	-1.176865e+000	-2.755083e+000	-2.774507e+000
7.799961499886765e-007	0.000000e+000	-1.174201e+000	-2.755130e+000	-2.774507e+000
7.802521499886836e-007	0.000000e+000	-1.168868e+000	-2.755223e+000	-2.774507e+000
7.817881499887260e-007	0.000000e+000	-1.136761e+000	-2.755769e+000	-2.774507e+000
7.838361499887825e-007	0.000000e+000	-1.093662e+000	-2.756468e+000	-2.774507e+000
7.879321499888956e-007	0.000000e+000	-1.006545e+000	-2.757771e+000	-2.774506e+000
7.961241499891217e-007	0.000000e+000	-8.291845e-001	-2.760046e+000	-2.774505e+000
8.125081499895740e-007	0.000000e+000	-4.691212e-001	-2.764023e+000	-2.774503e+000
8.125091499895740e-007	0.000000e+000	-4.690990e-001	-2.764023e+000	-2.774503e+000
8.125111499895740e-007	0.000000e+000	-4.690543e-001	-2.764024e+000	-2.774503e+000
8.125151499895741e-007	0.000000e+000	-4.689649e-001	-2.764024e+000	-2.774503e+000
8.125231499895744e-007	0.000000e+000	-4.687862e-001	-2.764026e+000	-2.774503e+000
8.125391499895748e-007	0.000000e+000	-4.684287e-001	-2.764029e+000	-2.774503e+000
8.125711499895757e-007	0.000000e+000	-4.677138e-001	-2.764035e+000	-2.774503e+000
8.126351499895775e-007	0.000000e+000	-4.662837e-001	-2.764048e+000	-2.774503e+000
8.206991499898001e-007	0.000000e+000	-2.852734e-001	-2.765503e+000	-2.774502e+000
8.251423333331079e-007	0.000000e+000	-1.851583e-001	-2.766237e+000	-2.774501e+000
8.251483333331080e-007	0.000000e+000	-1.850228e-001	-2.766238e+000	-2.774501e+000
8.251723333331087e-007	0.000000e+000	-1.844810e-001	-2.766242e+000	-2.774501e+000
8.271883333331643e-007	0.000000e+000	-1.389430e-001	-2.766547e+000	-2.774501e+000
8.292363333332209e-007	0.000000e+000	-9.265722e-002	-2.766849e+000	-2.774500e+000
8.292373333332209e-007	0.000000e+000	-9.263461e-002	-2.766849e+000	-2.774500e+000
8.292393333332210e-007	0.000000e+000	-9.258939e-002	-2.766849e+000	-2.774500e+000
8.292433333332211e-007	0.000000e+000	-9.249896e-002	-2.766850e+000	-2.774500e+000
8.292513333332213e-007	0.000000e+000	-9.231809e-002	-2.766851e+000	-2.774500e+000
8.292673333332217e-007	0.000000e+000	-9.195635e-002	-2.766853e+000	-2.774500e+000
8.292993333332226e-007	0.000000e+000	-9.123286e-002	-2.766858e+000	-2.774500e+000
8.295827619046590e-007	0.000000e+000	-8.482439e-002	-2.766898e+000	-2.774500e+000
8.298661904760954e-007	0.000000e+000	-7.841566e-002	-2.766939e+000	-2.774500e+000
8.301496190475318e-007	0.000000e+000	-7.200666e-002	-2.766979e+000	-2.774500e+000
8.304330476189682e-007	0.000000e+000	-6.559740e-002	-2.767019e+000	-2.774500e+000
8.307164761904046e-007	0.000000e+000	-5.918789e-002	-2.767058e+000	-2.774500e+000
8.309999047618410e-007	0.000000e+000	-5.277810e-002	-2.767098e+000	-2.774500e+000
8.312833333332774e-007	0.000000e+000	-4.636806e-002	-2.767137e+000	-2.774500e+000
8.312893333332775e-007	0.000000e+000	-4.623236e-002	-2.767138e+000	-2.774500e+000
8.312973333332778e-007	0.000000e+000	-4.605143e-002	-2.767139e+000	-2.774500e+000
8.313133333332782e-007	0.000000e+000	-4.568956e-002	-2.767141e+000	-2.774500e+000
8.313453333332791e-007	0.000000e+000	-4.496581e-002	-2.767146e+000	-2.774500e+000
8.317933333332915e-007	0.000000e+000	-3.483314e-002	-2.767207e+000	-2.774500e+000
8.323093333333057e-007	0.000000e+000	-2.316210e-002	-2.767277e+000	-2.774500e+000
8.323333333333064e-007	0.000000e+000	-2.261925e-002	-2.767281e+000	-2.774500e+000
8.325573333333126e-007	0.000000e+000	-1.755260e-002	-2.767311e+000	-2.774500e+000
8.328373333333203e-007	0.000000e+000	-1.121923e-002	-2.767349e+000	-2.774500e+000
8.328693333333212e-007	0.000000e+000	-1.049541e-002	-2.767353e+000	-2.774500e+000
8.329333333333229e-007	0.000000e+000	-9.047772e-003	-2.767361e+000	-2.774500e+000
8.331093333333278e-007	0.000000e+000	-5.066758e-003	-2.767385e+000	-2.774500e+000
8.332053333333304e-007	0.000000e+000	-2.895291e-003	-2.767398e+000	-2.774500e+000
8.332693333333322e-007	0.000000e+000	-1.447646e-003	-2.767406e+000	-2.774500e+000
8.332703333333322e-007	0.000000e+000	-1.425026e-003	-2.767406e+000	-2.774500e+000
8.332723333333323e-007	0.000000e+000	-1.379787e-003	-2.767407e+000	-2.774500e+000
8.332763333333324e-007	0.000000e+000	-1.289310e-003	-2.767407e+000	-2.774500e+000
8.332843333333326e-007	0.000000e+000	-1.108354e-003	-2.767408e+000	-2.774500e+000
8.333013333333331e-007	0.000000e+000	-7.238229e-004	-2.767411e+000	-2.774500e+000
8.333033333333331e-007	0.000000e+000	-6.785840e-004	-2.767411e+000	-2.774500e+000
8.333073333333333e-007	0.000000e+000	-5.881062e-004	-2.767411e+000	-2.774500e+000
8.333153333333335e-007	0.000000e+000	-4.071504e-004	-2.767412e+000	-2.774500e+000
8.333213333333336e-007	0.000000e+000	-2.714336e-004	-2.767413e+000	-2.774500e+000
8.333253333333338e-007	0.000000e+000	-1.809557e-004	-2.767414e+000	-2.774500e+000
8.333263333333338e-007	0.000000e+000	-1.583363e-004	-2.767414e+000	-2.774500e+000
8.333283333333338e-007	0.000000e+000	-1.130973e-004	-2.767414e+000	-2.774500e+000
8.333293333333339e-007	0.000000e+000	-9.047787e-005	-2.767414e+000	-2.774500e+000
8.333313333333339e-007	0.000000e+000	-4.523894e-005	-2.767415e+000	-2.774500e+000
8.333323333333339e-007	0.000000e+000	-2.261947e-005	-2.767415e+000	-2.774500e+000
8.333333333333340e-007	0.000000e+000	1.258789e-014	-2.767415e+000	-2.774500e+000
8.333334333333340e-007	1.000000e-001	2.261947e-006	-2.767415e+000	-2.774500e+000
8.333336333333340e-007	3.000000e-001	6.785840e-006	-2.767414e+000	-2.774498e+000
8.333340333333340e-007	7.000000e-001	1.583363e-005	-2.767406e+000	-2.774484e+000
8.333343333333340e-007	1.000000e+000	2.261947e-005	-2.767396e+000	-2.774467e+000
8.333344133333340e-007	1.000000e+000	2.442902e-005	-2.767393e+000	-2.774461e+000
8.333345733333340e-007	1.000000e+000	2.804814e-005	-2.767387e+000	-2.774450e+000
8.333348933333340e-007	1.000000e+000	3.528637e-005	-2.767375e+000	-2.774428e+000
8.333355333333340e-007	1.000000e+000	4.976283e-005	-2.767350e+000	-2.774384e+000
8.333368133333340e-007	1.000000e+000	7.871575e-005	-2.767300e+000	-2.774296e+000
8.333393733333341e-007	1.000000e+000	1.366216e-004	-2.767201e+000	-2.774120e+000
8.333444933333342e-007	1.000000e+000	2.524333e-004	-2.767003e+000	-2.773769e+000
8.334161733333362e-007	1.000000e+000	1.873796e-003	-2.764230e+000	-2.768852e+000
8.364004019048472e-007	1.000000e+000	6.942742e-002	-2.650706e+000	-2.575067e+000
8.393846304763581e-007	1.000000e+000	1.368160e-001	-2.539396e+000	-2.391277e+000
8.423688590478691e-007	1.000000e+000	2.040395e-001	-2.430298e+000	-2.217484e+000
8.453530876193800e-007	1.000000e+000	2.710979e-001	-2.323413e+000	-2.053687e+000
8.483373161908910e-007	1.000000e+000	3.379912e-001	-2.218741e+000	-1.899885e+000
8.513215447624019e-007	1.000000e+000	4.047195e-001	-2.116282e+000	-1.756079e+000
8.543057733339129e-007	1.000000e+000	4.712827e-001	-2.016035e+000	-1.622270e+000
8.692841691372221e-007	1.000000e+000	8.006825e-001	-1.529202e+000	-9.987994e-001
8.843966552969974e-007	1.000000e+000	1.123421e+000	-1.069619e+000	-4.702700e-001
8.980838517931953e-007	1.000000e+000	1.403288e+000	-6.788057e-001	-5.726155e-002
9.121120403392945e-007	1.000000e+000	1.673447e+000	-3.004521e-001	3.212636e-001
9.285290949640615e-007	1.000000e+000	1.959873e+000	1.153624e-001	7.224718e-001
9.564097309614639e-007	1.000000e+000	2.359575e+000	7.609300e-001	1.327687e+000
9.992681496891171e-007	1.000000e+000	2.841833e+000	1.669665e+000	2.161721e+000
1.010401647284172e-006	1.000000e+000	2.912446e+000	1.873240e+000	2.342705e+000
1.025246310744246e-006	1.000000e+000	2.977037e+000	2.126478e+000	2.564093e+000
1.025247310744246e-006	1.000000e+000	2.977040e+000	2.126494e+000	2.564107e+000
1.025249310744246e-006	1.000000e+000	2.977046e+000	2.126526e+000	2.564135e+000
1.025253310744246e-006	1.000000e+000	2.977057e+000	2.126590e+000	2.564190e+000
1.025277310744247e-006	1.000000e+000	2.977124e+000	2.126976e+000	2.564522e+000
1.025309310744248e-006	1.000000e+000	2.977213e+000	2.127490e+000	2.564964e+000
1.025501310744253e-006	1.000000e+000	2.977743e+000	2.130569e+000	2.567611e+000
1.026980228327716e-006	1.000000e+000	2.981612e+000	2.154153e+000	2.587857e+000
1.028459145911179e-006	1.000000e+000	2.985108e+000	2.177481e+000	2.607821e+000
1.029938063494642e-006	1.000000e+000	2.988231e+000	2.200554e+000	2.627502e+000
1.031416981078105e-006	1.000000e+000	2.990981e+000	2.223371e+000	2.646900e+000
1.032895898661567e-006	1.000000e+000	2.993358e+000	2.245933e+000	2.666016e+000
1.034374816245030e-006	1.000000e+000	2.995361e+000	2.268238e+000	2.684850e+000
1.035853733828493e-006	1.000000e+000	2.996991e+000	2.290288e+000	2.703402e+000
1.038308512834482e-006	1.000000e+000	2.999038e+000	2.326424e+000	2.733682e+000
1.038309512834482e-006	1.000000e+000	2.999039e+000	2.326439e+000	2.733694e+000
1.038311512834482e-006	1.000000e+000	2.999040e+000	2.326468e+000	2.733718e+000
1.038315512834483e-006	1.000000e+000	2.999043e+000	2.326526e+000	2.733767e+000
1.038323512834483e-006	1.000000e+000	2.999047e+000	2.326642e+000	2.733864e+000
1.038339512834483e-006	1.000000e+000	2.999056e+000	2.326875e+000	2.734058e+000
1.038371512834484e-006	1.000000e+000	2.999074e+000	2.327340e+000	2.734446e+000
1.038435512834486e-006	1.000000e+000	2.999110e+000	2.328269e+000	2.735221e+000
1.039331512834511e-006	1.000000e+000	2.999513e+000	2.341216e+000	2.746005e+000
1.040355512834539e-006	1.000000e+000	2.999853e+000	2.355927e+000	2.758235e+000
1.040356512834539e-006	1.000000e+000	2.999854e+000	2.355941e+000	2.758247e+000
1.040358512834539e-006	1.000000e+000	2.999854e+000	2.355969e+000	2.758271e+000
1.040362512834539e-006	1.000000e+000	2.999855e+000	2.356027e+000	2.758318e+000
1.040370512834539e-006	1.000000e+000	2.999857e+000	2.356141e+000	2.758413e+000
1.040386512834540e-006	1.000000e+000	2.999860e+000	2.356369e+000	2.758603e+000
1.040418512834541e-006	1.000000e+000	2.999867e+000	2.356827e+000	2.758982e+000
1.040482512834542e-006	1.000000e+000	2.999880e+000	2.357740e+000	2.759740e+000
1.040866512834553e-006	1.000000e+000	2.999942e+000	2.363210e+000	2.764274e+000
1.041156666666653e-006	1.000000e+000	2.999978e+000	2.367334e+000	2.767691e+000
1.041158666666653e-006	1.000000e+000	2.999978e+000	2.367363e+000	2.767715e+000
1.041162666666653e-006	1.000000e+000	2.999978e+000	2.367419e+000	2.767762e+000
1.041170666666653e-006	1.000000e+000	2.999979e+000	2.367533e+000	2.767856e+000
1.041186666666654e-006	1.000000e+000	2.999980e+000	2.367760e+000	2.768044e+000
1.041218666666655e-006	1.000000e+000	2.999983e+000	2.368214e+000	2.768420e+000
1.041282666666656e-006	1.000000e+000	2.999987e+000	2.369121e+000	2.769171e+000
1.041410666666660e-006	1.000000e+000	2.999995e+000	2.370935e+000	2.770671e+000
1.041411666666660e-006	1.000000e+000	2.999995e+000	2.370949e+000	2.770683e+000
1.041413666666660e-006	1.000000e+000	2.999995e+000	2.370977e+000	2.770706e+000
1.041417666666660e-006	1.000000e+000	2.999995e+000	2.371034e+000	2.770753e+000
1.041425666666660e-006	1.000000e+000	2.999995e+000	2.371147e+000	2.770847e+000
1.041473666666662e-006	1.000000e+000	2.999997e+000	2.371826e+000	2.771409e+000
1.041537666666663e-006	1.000000e+000	2.999999e+000	2.372732e+000	2.772158e+000
1.041539666666663e-006	1.000000e+000	2.999999e+000	2.372760e+000	2.772182e+000
1.041543666666664e-006	1.000000e+000	2.999999e+000	2.372817e+000	2.772228e+000
1.041551666666664e-006	1.000000e+000	2.999999e+000	2.372930e+000	2.772322e+000
1.041567666666664e-006	1.000000e+000	2.999999e+000	2.373156e+000	2.772509e+000
1.041599666666665e-006	1.000000e+000	3.000000e+000	2.373609e+000	2.772883e+000
1.041611666666665e-006	1.000000e+000	3.000000e+000	2.373778e+000	2.773023e+000
1.041627666666666e-006	1.000000e+000	3.000000e+000	2.374004e+000	2.773210e+000
1.041635666666666e-006	1.000000e+000	3.000000e+000	2.374117e+000	2.773304e+000
1.041651666666667e-006	1.000000e+000	3.000000e+000	2.374343e+000	2.773491e+000
1.041652666666667e-006	1.000000e+000	3.000000e+000	2.374358e+000	2.773502e+000
1.041654666666667e-006	1.000000e+000	3.000000e+000	2.374386e+000	2.773526e+000
1.041658666666667e-006	1.000000e+000	3.000000e+000	2.374442e+000	2.773572e+000
1.041659666666667e-006	1.000000e+000	3.000000e+000	2.374456e+000	2.773584e+000
1.041661666666667e-006	1.000000e+000	3.000000e+000	2.374485e+000	2.773607e+000
1.041663666666667e-006	1.000000e+000	3.000000e+000	2.374513e+000	2.773631e+000
1.041664666666667e-006	1.000000e+000	3.000000e+000	2.374527e+000	2.773643e+000
1.041666666666667e-006	1.000000e+000	3.000000e+000	2.374555e+000	2.773666e+000
1.041667666666667e-006	1.000000e+000	3.000000e+000	2.374570e+000	2.773678e+000
1.041667766666667e-006	9.000000e-001	3.000000e+000	2.374571e+000	2.773679e+000
1.041667966666667e-006	7.000000e-001	3.000000e+000	2.374573e+000	2.773681e+000
1.041668366666667e-006	3.000000e-001	3.000000e+000	2.374578e+000	2.773683e+000
1.041668666666667e-006	0.000000e+000	3.000000e+000	2.374580e+000	2.773683e+000
1.041668746666667e-006	0.000000e+000	3.000000e+000	2.374581e+000	2.773683e+000
1.041668906666667e-006	0.000000e+000	3.000000e+000	2.374582e+000	2.773683e+000
1.041669226666667e-006	0.000000e+000	3.000000e+000	2.374584e+000	2.773683e+000
1.041669866666667e-006	0.000000e+000	3.000000e+000	2.374589e+000	2.773683e+000
1.041671146666667e-006	0.000000e+000	3.000000e+000	2.374599e+000	2.773683e+000
1.041673706666667e-006	0.000000e+000	3.000000e+000	2.374618e+000	2.773683e+000
1.041678826666667e-006	0.000000e+000	3.000000e+000	2.374657e+000	2.773683e+000
1.041689066666668e-006	0.000000e+000	3.000000e+000	2.374734e+000	2.773683e+000
1.041709546666668e-006	0.000000e+000	3.000000e+000	2.374888e+000	2.773683e+000
1.041750506666669e-006	0.000000e+000	2.999999e+000	2.375195e+000	2.773683e+000
1.041996266666676e-006	0.000000e+000	2.999988e+000	2.377035e+000	2.773683e+000
1.042979306666703e-006	0.000000e+000	2.999816e+000	2.384289e+000	2.773683e+000
1.046911466666812e-006	0.000000e+000	2.997069e+000	2.411706e+000	2.773683e+000
1.052154346666957e-006	0.000000e+000	2.988292e+000	2.444652e+000	2.773684e+000
1.062640106667246e-006	0.000000e+000	2.953362e+000	2.500227e+000	2.773684e+000
1.083611626667825e-006	0.000000e+000	2.819207e+000	2.581952e+000	2.773685e+000
1.122029284809912e-006	0.000000e+000	2.411787e+000	2.676139e+000	2.773687e+000
1.162706654310348e-006	0.000000e+000	1.798747e+000	2.730475e+000	2.773688e+000
1.196367905539039e-006	0.000000e+000	1.180336e+000	2.754191e+000	2.773687e+000
1.196368905539039e-006	0.000000e+000	1.180316e+000	2.754192e+000	2.773687e+000
1.196370905539039e-006	0.000000e+000	1.180274e+000	2.754193e+000	2.773687e+000
1.196374905539040e-006	0.000000e+000	1.180191e+000	2.754194e+000	2.773687e+000
1.196382905539040e-006	0.000000e+000	1.180025e+000	2.754197e+000	2.773687e+000
1.196398905539040e-006	0.000000e+000	1.179692e+000	2.754203e+000	2.773687e+000
1.196430905539041e-006	0.000000e+000	1.179027e+000	2.754215e+000	2.773687e+000
1.196494905539043e-006	0.000000e+000	1.177695e+000	2.754238e+000	2.773687e+000
1.196622905539046e-006	0.000000e+000	1.175031e+000	2.754285e+000	2.773687e+000
1.197390905539068e-006	0.000000e+000	1.159020e+000	2.754562e+000	2.773687e+000
1.198414905539096e-006	0.000000e+000	1.137596e+000	2.754925e+000	2.773687e+000
1.200462905539152e-006	0.000000e+000	1.094503e+000	2.755625e+000	2.773687e+000
1.204558905539265e-006	0.000000e+000	1.007395e+000	2.756929e+000	2.773686e+000
1.212750905539492e-006	0.000000e+000	8.300503e-001	2.759208e+000	2.773685e+000
1.229134905539944e-006	0.000000e+000	4.700128e-001	2.763189e+000	2.773683e+000
1.229135905539944e-006	0.000000e+000	4.699906e-001	2.763190e+000	2.773683e+000
1.229137905539944e-006	0.000000e+000	4.699459e-001	2.763190e+000	2.773683e+000
1.229141905539944e-006	0.000000e+000	4.698566e-001	2.763191e+000	2.773683e+000
1.229149905539944e-006	0.000000e+000	4.696779e-001	2.763192e+000	2.773683e+000
1.229261905539947e-006	0.000000e+000	4.671755e-001	2.763214e+000	2.773683e+000
1.237325905540170e-006	0.000000e+000	2.861712e-001	2.764672e+000	2.773682e+000
1.241807999999775e-006	0.000000e+000	1.851809e-001	2.765413e+000	2.773681e+000
1.241810999999775e-006	0.000000e+000	1.851131e-001	2.765413e+000	2.773681e+000
1.241814999999775e-006	0.000000e+000	1.850228e-001	2.765414e+000	2.773681e+000
1.241822999999775e-006	0.000000e+000	1.848422e-001	2.765415e+000	2.773681e+000
1.241838999999776e-006	0.000000e+000	1.844810e-001	2.765418e+000	2.773681e+000
1.241934999999778e-006	0.000000e+000	1.823136e-001	2.765432e+000	2.773681e+000
1.243854999999831e-006	0.000000e+000	1.389430e-001	2.765723e+000	2.773680e+000
1.245902999999888e-006	0.000000e+000	9.265722e-002	2.766024e+000	2.773680e+000
1.245903999999888e-006	0.000000e+000	9.263461e-002	2.766025e+000	2.773680e+000
1.245905999999888e-006	0.000000e+000	9.258939e-002	2.766025e+000	2.773680e+000
1.245909999999888e-006	0.000000e+000	9.249896e-002	2.766026e+000	2.773680e+000
1.245917999999888e-006	0.000000e+000	9.231809e-002	2.766026e+000	2.773680e+000
1.246029999999891e-006	0.000000e+000	8.978586e-002	2.766043e+000	2.773680e+000
1.246925999999916e-006	0.000000e+000	6.952552e-002	2.766170e+000	2.773680e+000
1.247951999999944e-006	0.000000e+000	4.632283e-002	2.766313e+000	2.773680e+000
1.247955999999945e-006	0.000000e+000	4.623236e-002	2.766314e+000	2.773680e+000
1.247963999999945e-006	0.000000e+000	4.605143e-002	2.766315e+000	2.773680e+000
1.247979999999945e-006	0.000000e+000	4.568956e-002	2.766317e+000	2.773680e+000
1.248203999999951e-006	0.000000e+000	4.062330e-002	2.766348e+000	2.773680e+000
1.248975999999973e-006	0.000000e+000	2.316210e-002	2.766453e+000	2.773679e+000
1.248983999999973e-006	0.000000e+000	2.298115e-002	2.766454e+000	2.773679e+000
1.249095999999976e-006	0.000000e+000	2.044784e-002	2.766470e+000	2.773679e+000
1.249487999999987e-006	0.000000e+000	1.158114e-002	2.766522e+000	2.773679e+000
1.249535999999988e-006	0.000000e+000	1.049541e-002	2.766529e+000	2.773679e+000
1.249743999999994e-006	0.000000e+000	5.790580e-003	2.766557e+000	2.773679e+000
1.249871999999997e-006	0.000000e+000	2.895291e-003	2.766574e+000	2.773679e+000
1.249935999999999e-006	0.000000e+000	1.447646e-003	2.766582e+000	2.773679e+000
1.249936999999999e-006	0.000000e+000	1.425026e-003	2.766582e+000	2.773679e+000
1.249938999999999e-006	0.000000e+000	1.379787e-003	2.766583e+000	2.773679e+000
1.249942999999999e-006	0.000000e+000	1.289310e-003	2.766583e+000	2.773679e+000
1.249951000000000e-006	0.000000e+000	1.108354e-003	2.766584e+000	2.773679e+000
1.249967000000000e-006	0.000000e+000	7.464424e-004	2.766587e+000	2.773679e+000
1.249968000000000e-006	0.000000e+000	7.238229e-004	2.766587e+000	2.773679e+000
1.249970000000000e-006	0.000000e+000	6.785840e-004	2.766587e+000	2.773679e+000
1.249974000000000e-006	0.000000e+000	5.881062e-004	2.766587e+000	2.773679e+000
1.249984000000001e-006	0.000000e+000	3.619115e-004	2.766589e+000	2.773679e+000
1.249988000000001e-006	0.000000e+000	2.714336e-004	2.766589e+000	2.773679e+000
1.249993000000001e-006	0.000000e+000	1.583363e-004	2.766590e+000	2.773679e+000
1.249995000000001e-006	0.000000e+000	1.130973e-004	2.766590e+000	2.773679e+000
1.249996000000001e-006	0.000000e+000	9.047787e-005	2.766590e+000	2.773679e+000
1.249998000000001e-006	0.000000e+000	4.523894e-005	2.766591e+000	2.773679e+000
1.249999000000001e-006	0.000000e+000	2.261947e-005	2.766591e+000	2.773679e+000
1.250000000000001e-006	0.000000e+000	-2.021410e-014	2.766591e+000	2.773679e+000
1.250000100000001e-006	1.000000e-001	-2.261947e-006	2.766591e+000	2.773679e+000
1.250000300000001e-006	3.000000e-001	-6.785840e-006	2.766590e+000	2.773677e+000
1.250000700000001e-006	7.000000e-001	-1.583363e-005	2.766582e+000	2.773664e+000
1.250001000000001e-006	1.000000e+000	-2.261947e-005	2.766572e+000	2.773646e+000
1.250001080000001e-006	1.000000e+000	-2.442902e-005	2.766569e+000	2.773641e+000
1.250001240000001e-006	1.000000e+000	-2.804814e-005	2.766563e+000	2.773630e+000
1.250001560000001e-006	1.000000e+000	-3.528637e-005	2.766551e+000	2.773608e+000
1.250002200000001e-006	1.000000e+000	-4.976283e-005	2.766526e+000	2.773564e+000
1.250006040000001e-006	1.000000e+000	-1.366216e-004	2.766377e+000	2.773300e+000
1.250011160000001e-006	1.000000e+000	-2.524333e-004	2.766179e+000	2.772949e+000
1.250041880000002e-006	1.000000e+000	-9.473033e-004	2.764991e+000	2.770841e+000
1.253031960000085e-006	1.000000e+000	-6.863404e-002	2.651260e+000	2.576573e+000
1.256022040000167e-006	1.000000e+000	-1.361554e-001	2.539749e+000	2.392349e+000
1.259012120000250e-006	1.000000e+000	-2.035115e-001	2.430460e+000	2.218171e+000
1.262002200000332e-006	1.000000e+000	-2.707023e-001	2.323392e+000	2.054038e+000
1.264992280000415e-006	1.000000e+000	-3.377277e-001	2.218544e+000	1.899949e+000
1.267982360000497e-006	1.000000e+000	-4.045877e-001	2.115918e+000	1.755906e+000
1.270972440000580e-006	1.000000e+000	-4.712825e-001	2.015512e+000	1.621908e+000
1.285953223844157e-006	1.000000e+000	-8.007334e-001	1.528755e+000	9.985274e-001
1.301068839211496e-006	1.000000e+000	-1.123534e+000	1.069198e+000	4.700174e-001
1.314761060083923e-006	1.000000e+000	-1.403497e+000	6.783258e-001	5.693428e-002
1.328789365576778e-006	1.000000e+000	-1.673643e+000	3.000385e-001	-3.215396e-001
1.345214078068468e-006	1.000000e+000	-1.960168e+000	-1.158999e-001	-7.228833e-001
1.373112000455643e-006	1.000000e+000	-2.359984e+000	-7.617375e-001	-1.328368e+000
1.416010574047198e-006	1.000000e+000	-2.842415e+000	-1.671111e+000	-2.162994e+000
1.427052376574218e-006	1.000000e+000	-2.912437e+000	-1.873002e+000	-2.342485e+000
1.441774779943579e-006	1.000000e+000	-2.976649e+000	-2.124253e+000	-2.562165e+000
1.441775779943579e-006	1.000000e+000	-2.976652e+000	-2.124270e+000	-2.562180e+000
1.441777779943579e-006	1.000000e+000	-2.976658e+000	-2.124302e+000	-2.562207e+000
1.441781779943579e-006	1.000000e+000	-2.976669e+000	-2.124366e+000	-2.562263e+000
1.441789779943579e-006	1.000000e+000	-2.976692e+000	-2.124495e+000	-2.562373e+000
1.441805779943580e-006	1.000000e+000	-2.976737e+000	-2.124752e+000	-2.562595e+000
1.441837779943581e-006	1.000000e+000	-2.976827e+000	-2.125266e+000	-2.563037e+000
1.441901779943583e-006	1.000000e+000	-2.977005e+000	-2.126294e+000	-2.563921e+000
1.442285779943593e-006	1.000000e+000	-2.978061e+000	-2.132450e+000	-2.569214e+000
1.452614080783345e-006	1.000000e+000	-2.997041e+000	-2.291643e+000	-2.704520e+000
1.455438935012188e-006	1.000000e+000	-2.999285e+000	-2.333147e+000	-2.739278e+000
1.455439935012188e-006	1.000000e+000	-2.999286e+000	-2.333161e+000	-2.739290e+000
1.455441935012188e-006	1.000000e+000	-2.999287e+000	-2.333190e+000	-2.739315e+000
1.455445935012188e-006	1.000000e+000	-2.999289e+000	-2.333248e+000	-2.739363e+000
1.455453935012189e-006	1.000000e+000	-2.999293e+000	-2.333364e+000	-2.739460e+000
1.455469935012189e-006	1.000000e+000	-2.999301e+000	-2.333596e+000	-2.739653e+000
1.455501935012190e-006	1.000000e+000	-2.999316e+000	-2.334059e+000	-2.740039e+000
1.455565935012192e-006	1.000000e+000	-2.999347e+000	-2.334985e+000	-2.740810e+000
1.456461935012216e-006	1.000000e+000	-2.999683e+000	-2.347884e+000	-2.751542e+000
1.457310333333306e-006	1.000000e+000	-2.999911e+000	-2.360033e+000	-2.761632e+000
1.457311333333306e-006	1.000000e+000	-2.999911e+000	-2.360047e+000	-2.761643e+000
1.457313333333306e-006	1.000000e+000	-2.999911e+000	-2.360076e+000	-2.761667e+000
1.457317333333306e-006	1.000000e+000	-2.999912e+000	-2.360133e+000	-2.761714e+000
1.457325333333306e-006	1.000000e+000	-2.999913e+000	-2.360247e+000	-2.761809e+000
1.457341333333307e-006	1.000000e+000	-2.999916e+000	-2.360475e+000	-2.761998e+000
1.457373333333307e-006	1.000000e+000	-2.999921e+000	-2.360931e+000	-2.762376e+000
1.457565333333313e-006	1.000000e+000	-2.999948e+000	-2.363662e+000	-2.764640e+000
1.457821333333320e-006	1.000000e+000	-2.999978e+000	-2.367300e+000	-2.767653e+000
1.457822333333320e-006	1.000000e+000	-2.999978e+000	-2.367314e+000	-2.767665e+000
1.457824333333320e-006	1.000000e+000	-2.999978e+000	-2.367343e+000	-2.767689e+000
1.457828333333320e-006	1.000000e+000	-2.999978e+000	-2.367399e+000	-2.767736e+000
1.457836333333320e-006	1.000000e+000	-2.999979e+000	-2.367513e+000	-2.767830e+000
1.457852333333321e-006	1.000000e+000	-2.999980e+000	-2.367740e+000	-2.768018e+000
1.457884333333322e-006	1.000000e+000	-2.999983e+000	-2.368194e+000	-2.768393e+000
1.457948333333323e-006	1.000000e+000	-2.999987e+000	-2.369101e+000	-2.769144e+000
1.458076333333327e-006	1.000000e+000	-2.999994e+000	-2.370915e+000	-2.770645e+000
1.458082333333327e-006	1.000000e+000	-2.999995e+000	-2.371000e+000	-2.770715e+000
1.458106333333328e-006	1.000000e+000	-2.999996e+000	-2.371340e+000	-2.770997e+000
1.458138333333329e-006	1.000000e+000	-2.999997e+000	-2.371792e+000	-2.771371e+000
1.458202333333330e-006	1.000000e+000	-2.999999e+000	-2.372698e+000	-2.772120e+000
1.458206333333330e-006	1.000000e+000	-2.999999e+000	-2.372754e+000	-2.772167e+000
1.458214333333331e-006	1.000000e+000	-2.999999e+000	-2.372868e+000	-2.772260e+000
1.458230333333331e-006	1.000000e+000	-2.999999e+000	-2.373094e+000	-2.772448e+000
1.458262333333332e-006	1.000000e+000	-3.000000e+000	-2.373546e+000	-2.772822e+000
1.458270333333332e-006	1.000000e+000	-3.000000e+000	-2.373659e+000	-2.772915e+000
1.458286333333333e-006	1.000000e+000	-3.000000e+000	-2.373885e+000	-2.773102e+000
1.458302333333333e-006	1.000000e+000	-3.000000e+000	-2.374112e+000	-2.773289e+000
1.458303333333333e-006	1.000000e+000	-3.000000e+000	-2.374126e+000	-2.773301e+000
1.458305333333333e-006	1.000000e+000	-3.000000e+000	-2.374154e+000	-2.773324e+000
1.458309333333333e-006	1.000000e+000	-3.000000e+000	-2.374211e+000	-2.773371e+000
1.458318333333334e-006	1.000000e+000	-3.000000e+000	-2.374338e+000	-2.773476e+000
1.458320333333334e-006	1.000000e+000	-3.000000e+000	-2.374366e+000	-2.773499e+000
1.458324333333334e-006	1.000000e+000	-3.000000e+000	-2.374423e+000	-2.773546e+000
1.458326333333334e-006	1.000000e+000	-3.000000e+000	-2.374451e+000	-2.773570e+000
1.458330333333334e-006	1.000000e+000	-3.000000e+000	-2.374507e+000	-2.773616e+000
1.458331333333334e-006	1.000000e+000	-3.000000e+000	-2.374521e+000	-2.773628e+000
1.458332333333334e-006	1.000000e+000	-3.000000e+000	-2.374536e+000	-2.773640e+000
1.458333333333334e-006	1.000000e+000	-3.000000e+000	-2.374550e+000	-2.773651e+000
1.458334333333334e-006	1.000000e+000	-3.000000e+000	-2.374564e+000	-2.773663e+000
1.458334433333334e-006	9.000000e-001	-3.000000e+000	-2.374565e+000	-2.773664e+000
1.458334633333334e-006	7.000000e-001	-3.000000e+000	-2.374568e+000	-2.773666e+000
1.458335033333334e-006	3.000000e-001	-3.000000e+000	-2.374572e+000	-2.773668e+000
1.458335333333334e-006	0.000000e+000	-3.000000e+000	-2.374574e+000	-2.773669e+000
1.458335413333334e-006	0.000000e+000	-3.000000e+000	-2.374575e+000	-2.773669e+000
1.458335573333334e-006	0.000000e+000	-3.000000e+000	-2.374576e+000	-2.773669e+000
1.458335893333334e-006	0.000000e+000	-3.000000e+000	-2.374579e+000	-2.773669e+000
1.458336533333334e-006	0.000000e+000	-3.000000e+000	-2.374583e+000	-2.773669e+000
1.458337813333334e-006	0.000000e+000	-3.000000e+000	-2.374593e+000	-2.773669e+000
1.458340373333334e-006	0.000000e+000	-3.000000e+000	-2.374612e+000	-2.773669e+000
1.458345493333334e-006	0.000000e+000	-3.000000e+000	-2.374651e+000	-2.773669e+000
1.458355733333335e-006	0.000000e+000	-3.000000e+000	-2.374728e+000	-2.773669e+000
1.458376213333335e-006	0.000000e+000	-3.000000e+000	-2.374882e+000	-2.773669e+000
1.458417173333336e-006	0.000000e+000	-2.999999e+000	-2.375190e+000	-2.773669e+000
1.458499093333339e-006	0.000000e+000	-2.999997e+000	-2.375804e+000	-2.773669e+000
1.458662933333343e-006	0.000000e+000	-2.999988e+000	-2.377029e+000	-2.773669e+000
1.459645973333370e-006	0.000000e+000	-2.999816e+000	-2.384283e+000	-2.773669e+000
1.463578133333479e-006	0.000000e+000	-2.997069e+000	-2.411699e+000	-2.773669e+000
1.468821013333624e-006	0.000000e+000	-2.988292e+000	-2.444644e+000	-2.773669e+000
1.479306773333913e-006	0.000000e+000	-2.953362e+000	-2.500219e+000	-2.773670e+000
1.500278293334492e-006	0.000000e+000	-2.819207e+000	-2.581942e+000	-2.773671e+000
1.538695951476579e-006	0.000000e+000	-2.411786e+000	-2.676126e+000	-2.773672e+000
1.579373785684879e-006	0.000000e+000	-1.798739e+000	-2.730462e+000	-2.773673e+000
1.613033954863415e-006	0.000000e+000	-1.180349e+000	-2.754177e+000	-2.773672e+000
1.613034954863415e-006	0.000000e+000	-1.180329e+000	-2.754178e+000	-2.773672e+000
1.613036954863415e-006	0.000000e+000	-1.180287e+000	-2.754178e+000	-2.773672e+000
1.613040954863415e-006	0.000000e+000	-1.180204e+000	-2.754180e+000	-2.773672e+000
1.613048954863415e-006	0.000000e+000	-1.180038e+000	-2.754183e+000	-2.773672e+000
1.613064954863416e-006	0.000000e+000	-1.179705e+000	-2.754189e+000	-2.773672e+000
1.613096954863417e-006	0.000000e+000	-1.179039e+000	-2.754200e+000	-2.773672e+000
1.613160954863418e-006	0.000000e+000	-1.177708e+000	-2.754224e+000	-2.773672e+000
1.613288954863422e-006	0.000000e+000	-1.175044e+000	-2.754271e+000	-2.773672e+000
1.614056954863443e-006	0.000000e+000	-1.159033e+000	-2.754548e+000	-2.773672e+000
1.615080954863471e-006	0.000000e+000	-1.137609e+000	-2.754910e+000	-2.773672e+000
1.617128954863528e-006	0.000000e+000	-1.094516e+000	-2.755610e+000	-2.773672e+000
1.621224954863641e-006	0.000000e+000	-1.007408e+000	-2.756915e+000	-2.773672e+000
1.629416954863867e-006	0.000000e+000	-8.300636e-001	-2.759193e+000	-2.773671e+000
1.645800954864319e-006	0.000000e+000	-4.700266e-001	-2.763175e+000	-2.773669e+000
1.645801954864319e-006	0.000000e+000	-4.700044e-001	-2.763175e+000	-2.773669e+000
1.645803954864319e-006	0.000000e+000	-4.699597e-001	-2.763175e+000	-2.773669e+000
1.645807954864319e-006	0.000000e+000	-4.698704e-001	-2.763176e+000	-2.773669e+000
1.645815954864320e-006	0.000000e+000	-4.696916e-001	-2.763178e+000	-2.773669e+000
1.645863954864321e-006	0.000000e+000	-4.686193e-001	-2.763187e+000	-2.773669e+000
1.645927954864323e-006	0.000000e+000	-4.671893e-001	-2.763200e+000	-2.773669e+000
1.647720485121768e-006	0.000000e+000	-4.270536e-001	-2.763541e+000	-2.773668e+000
1.649513015379214e-006	0.000000e+000	-3.868664e-001	-2.763873e+000	-2.773668e+000
1.651305545636660e-006	0.000000e+000	-3.466278e-001	-2.764196e+000	-2.773668e+000
1.653098075894105e-006	0.000000e+000	-3.063376e-001	-2.764510e+000	-2.773667e+000
1.654890606151551e-006	0.000000e+000	-2.659960e-001	-2.764815e+000	-2.773667e+000
1.656683136408996e-006	0.000000e+000	-2.256029e-001	-2.765111e+000	-2.773667e+000
1.658475666666442e-006	0.000000e+000	-1.851583e-001	-2.765399e+000	-2.773666e+000
1.658477666666442e-006	0.000000e+000	-1.851131e-001	-2.765399e+000	-2.773666e+000
1.658481666666442e-006	0.000000e+000	-1.850228e-001	-2.765399e+000	-2.773666e+000
1.658489666666442e-006	0.000000e+000	-1.848422e-001	-2.765401e+000	-2.773666e+000
1.658505666666443e-006	0.000000e+000	-1.844810e-001	-2.765403e+000	-2.773666e+000
1.658601666666445e-006	0.000000e+000	-1.823136e-001	-2.765418e+000	-2.773666e+000
1.660521666666498e-006	0.000000e+000	-1.389430e-001	-2.765709e+000	-2.773666e+000
1.662569666666555e-006	0.000000e+000	-9.265722e-002	-2.766010e+000	-2.773666e+000
1.662570666666555e-006	0.000000e+000	-9.263461e-002	-2.766010e+000	-2.773666e+000
1.662572666666555e-006	0.000000e+000	-9.258939e-002	-2.766011e+000	-2.773666e+000
1.662576666666555e-006	0.000000e+000	-9.249896e-002	-2.766011e+000	-2.773666e+000
1.662584666666555e-006	0.000000e+000	-9.231809e-002	-2.766012e+000	-2.773666e+000
1.662600666666556e-006	0.000000e+000	-9.195635e-002	-2.766015e+000	-2.773666e+000
1.662696666666558e-006	0.000000e+000	-8.978586e-002	-2.766028e+000	-2.773666e+000
1.663592666666583e-006	0.000000e+000	-6.952552e-002	-2.766155e+000	-2.773665e+000
1.664616666666611e-006	0.000000e+000	-4.636806e-002	-2.766299e+000	-2.773665e+000
1.664622666666612e-006	0.000000e+000	-4.623236e-002	-2.766299e+000	-2.773665e+000
1.664630666666612e-006	0.000000e+000	-4.605143e-002	-2.766301e+000	-2.773665e+000
1.664646666666612e-006	0.000000e+000	-4.568956e-002	-2.766303e+000	-2.773665e+000
1.664788952380902e-006	0.000000e+000	-4.247145e-002	-2.766322e+000	-2.773665e+000
1.664931238095191e-006	0.000000e+000	-3.925331e-002	-2.766342e+000	-2.773665e+000
1.665073523809481e-006	0.000000e+000	-3.603513e-002	-2.766361e+000	-2.773665e+000
1.665215809523771e-006	0.000000e+000	-3.281693e-002	-2.766381e+000	-2.773665e+000
1.665358095238060e-006	0.000000e+000	-2.959868e-002	-2.766400e+000	-2.773665e+000
1.665500380952350e-006	0.000000e+000	-2.638041e-002	-2.766420e+000	-2.773665e+000
1.665642666666640e-006	0.000000e+000	-2.316210e-002	-2.766439e+000	-2.773665e+000
1.665650666666640e-006	0.000000e+000	-2.298115e-002	-2.766440e+000	-2.773665e+000
1.665698666666641e-006	0.000000e+000	-2.189545e-002	-2.766447e+000	-2.773665e+000
1.665890666666647e-006	0.000000e+000	-1.755260e-002	-2.766473e+000	-2.773665e+000
1.666154666666654e-006	0.000000e+000	-1.158114e-002	-2.766508e+000	-2.773665e+000
1.666202666666655e-006	0.000000e+000	-1.049541e-002	-2.766515e+000	-2.773665e+000
1.666442666666662e-006	0.000000e+000	-5.066758e-003	-2.766547e+000	-2.773665e+000
1.666538666666664e-006	0.000000e+000	-2.895291e-003	-2.766560e+000	-2.773665e+000
1.666603666666666e-006	0.000000e+000	-1.425026e-003	-2.766568e+000	-2.773665e+000
1.666605666666666e-006	0.000000e+000	-1.379787e-003	-2.766568e+000	-2.773665e+000
1.666609666666666e-006	0.000000e+000	-1.289310e-003	-2.766569e+000	-2.773665e+000
1.666617666666667e-006	0.000000e+000	-1.108354e-003	-2.766570e+000	-2.773665e+000
1.666633666666667e-006	0.000000e+000	-7.464424e-004	-2.766572e+000	-2.773665e+000
1.666634666666667e-006	0.000000e+000	-7.238229e-004	-2.766572e+000	-2.773665e+000
1.666636666666667e-006	0.000000e+000	-6.785840e-004	-2.766572e+000	-2.773665e+000
1.666640666666667e-006	0.000000e+000	-5.881062e-004	-2.766573e+000	-2.773665e+000
1.666654666666668e-006	0.000000e+000	-2.714336e-004	-2.766575e+000	-2.773665e+000
1.666658666666668e-006	0.000000e+000	-1.809557e-004	-2.766576e+000	-2.773665e+000
1.666659666666668e-006	0.000000e+000	-1.583363e-004	-2.766576e+000	-2.773665e+000
1.666661666666668e-006	0.000000e+000	-1.130973e-004	-2.766576e+000	-2.773665e+000
1.666662666666668e-006	0.000000e+000	-9.047787e-005	-2.766576e+000	-2.773665e+000
1.666664666666668e-006	0.000000e+000	-4.523894e-005	-2.766576e+000	-2.773665e+000
1.666665666666668e-006	0.000000e+000	-2.261947e-005	-2.766577e+000	-2.773665e+000
1.666666666666668e-006	0.000000e+000	2.517578e-014	-2.766577e+000	-2.773665e+000
1.666666766666668e-006	1.000000e-001	2.261947e-006	-2.766577e+000	-2.773665e+000
1.666666966666668e-006	3.000000e-001	6.785840e-006	-2.766575e+000	-2.773663e+000
1.666667366666668e-006	7.000000e-001	1.583363e-005	-2.766568e+000	-2.773649e+000
1.666667666666668e-006	1.000000e+000	2.261947e-005	-2.766558e+000	-2.773632e+000
1.666667746666668e-006	1.000000e+000	2.442902e-005	-2.766555e+000	-2.773626e+000
1.666667906666668e-006	1.000000e+000	2.804814e-005	-2.766549e+000	-2.773615e+000
1.666668226666668e-006	1.000000e+000	3.528637e-005	-2.766536e+000	-2.773593e+000
1.666668866666668e-006	1.000000e+000	4.976283e-005	-2.766512e+000	-2.773550e+000
1.666670146666668e-006	1.000000e+000	7.871575e-005	-2.766462e+000	-2.773462e+000
1.666672706666668e-006	1.000000e+000	1.366216e-004	-2.766363e+000	-2.773286e+000
1.666688066666669e-006	1.000000e+000	4.840566e-004	-2.765769e+000	-2.772232e+000
1.666708546666669e-006	1.000000e+000	9.473033e-004	-2.764977e+000	-2.770827e+000
1.669698626666752e-006	1.000000e+000	6.863404e-002	-2.651246e+000	-2.576560e+000
1.672688706666834e-006	1.000000e+000	1.361554e-001	-2.539737e+000	-2.392338e+000
1.675678786666917e-006	1.000000e+000	2.035115e-001	-2.430448e+000	-2.218161e+000
1.678668866666999e-006	1.000000e+000	2.707023e-001	-2.323381e+000	-2.054029e+000
1.681658946667082e-006	1.000000e+000	3.377277e-001	-2.218534e+000	-1.899941e+000
1.684649026667164e-006	1.000000e+000	4.045877e-001	-2.115908e+000	-1.755899e+000
1.687639106667247e-006	1.000000e+000	4.712825e-001	-2.015503e+000	-1.621901e+000
1.702619930893100e-006	1.000000e+000	8.007343e-001	-1.528747e+000	-9.985226e-001
1.717735598980805e-006	1.000000e+000	1.123536e+000	-1.069191e+000	-4.700129e-001
1.731427905636226e-006	1.000000e+000	1.403500e+000	-6.783175e-001	-5.692859e-002
1.745456211714647e-006	1.000000e+000	1.677722e+000	-2.962711e-001	3.272891e-001
1.750000000000000e-006	1.000000e+000	1.763356e+000	-1.761739e-001	4.451740e-001
