time	V(logic)	V(signal_in)	V(signal_out)	V(vc)
0.000000000000000e+000	0.000000e+000	0.000000e+000	0.000000e+000	0.000000e+000
1.000000000000000e-012	1.000000e+000	1.564513e-007	6.526971e-018	1.338503e-012
3.409790176141865e-009	1.000000e+000	5.334662e-004	-3.035737e-006	1.653683e-005
6.818580352283730e-009	1.000000e+000	1.066776e-003	7.040597e-007	6.422466e-005
1.022737052842559e-008	1.000000e+000	1.600085e-003	1.121939e-005	1.430635e-004
1.363616070456746e-008	1.000000e+000	2.133395e-003	2.851026e-005	2.530533e-004
1.704495088070933e-008	1.000000e+000	2.666704e-003	5.257666e-005	3.941942e-004
2.045374105685119e-008	1.000000e+000	3.200014e-003	8.341859e-005	5.664861e-004
2.386253123299305e-008	1.000000e+000	3.733323e-003	1.210361e-004	7.699289e-004
3.040253216460252e-008	1.000000e+000	4.756514e-003	2.418804e-004	1.238503e-003
3.906046806308931e-008	1.000000e+000	6.111057e-003	4.845214e-004	2.006913e-003
4.922912059230491e-008	1.000000e+000	7.701952e-003	9.076687e-004	3.108677e-003
6.226786708383894e-008	1.000000e+000	9.741871e-003	1.692812e-003	4.799674e-003
7.916448266195197e-008	1.000000e+000	1.238535e-002	3.122653e-003	7.351717e-003
1.022909711836417e-007	1.000000e+000	1.600347e-002	5.776354e-003	1.126780e-002
1.353288551342284e-007	1.000000e+000	2.117218e-002	1.058390e-002	1.718206e-002
1.757886802365499e-007	1.000000e+000	2.750195e-002	1.740777e-002	2.431502e-002
2.218932211323835e-007	1.000000e+000	3.471465e-002	2.559319e-002	3.183031e-002
2.774177423395530e-007	1.000000e+000	4.340073e-002	3.513086e-002	3.999539e-002
3.542279365727698e-007	1.000000e+000	5.541598e-002	4.745447e-002	5.060470e-002
4.542279365727698e-007	1.000000e+000	7.105742e-002	6.285916e-002	6.444123e-002
8.970850794299125e-007	1.000000e+000	1.403899e-001	1.321514e-001	1.274306e-001
1.339942222287055e-006	1.000000e+000	2.095556e-001	2.012917e-001	1.902698e-001
1.782799365144198e-006	1.000000e+000	2.785544e-001	2.702802e-001	2.529589e-001
2.225656508001340e-006	1.000000e+000	3.473864e-001	3.391168e-001	3.154979e-001
2.668513650858483e-006	1.000000e+000	4.160515e-001	4.078016e-001	3.778868e-001
3.111370793715626e-006	1.000000e+000	4.845498e-001	4.763344e-001	4.401255e-001
3.554227936572767e-006	1.000000e+000	5.528813e-001	5.447154e-001	5.022142e-001
4.768513650858486e-006	1.000000e+000	7.401335e-001	7.320808e-001	6.724379e-001
5.982799365144205e-006	1.000000e+000	9.226458e-001	9.147368e-001	8.384166e-001
7.197085079429923e-006	1.000000e+000	1.100418e+000	1.092683e+000	1.000150e+000
8.411370793715642e-006	1.000000e+000	1.273450e+000	1.265920e+000	1.157639e+000
9.625656508001361e-006	1.000000e+000	1.441743e+000	1.434448e+000	1.310883e+000
1.083994222228708e-005	1.000000e+000	1.605295e+000	1.598266e+000	1.459881e+000
1.205422793657280e-005	1.000000e+000	1.764107e+000	1.757375e+000	1.604635e+000
1.390362408849097e-005	1.000000e+000	1.993600e+000	1.987381e+000	1.813976e+000
1.575302024040914e-005	1.000000e+000	2.200384e+000	2.194723e+000	2.002779e+000
1.760241639232731e-005	1.000000e+000	2.384460e+000	2.379399e+000	2.171043e+000
1.945181254424549e-005	1.000000e+000	2.545826e+000	2.541410e+000	2.318769e+000
2.130120869616366e-005	1.000000e+000	2.684484e+000	2.680756e+000	2.445957e+000
2.315060484808183e-005	1.000000e+000	2.800432e+000	2.797437e+000	2.552606e+000
2.500000100000000e-005	1.000000e+000	2.893672e+000	2.891453e+000	2.638718e+000
2.500000110000000e-005	9.000000e-001	2.893672e+000	2.891453e+000	2.636571e+000
2.500000130000000e-005	7.000000e-001	2.893672e+000	2.891451e+000	2.213840e+000
2.500000170000000e-005	3.000000e-001	2.893672e+000	2.891440e+000	6.629299e-001
2.500000200000000e-005	0.000000e+000	2.893672e+000	2.891427e+000	1.267181e-001
2.500000208000000e-005	0.000000e+000	2.893672e+000	2.891422e+000	1.267180e-001
2.500000224000000e-005	0.000000e+000	2.893672e+000	2.891414e+000	1.267180e-001
2.500000256000000e-005	0.000000e+000	2.893672e+000	2.891397e+000	1.267181e-001
2.500000320000000e-005	0.000000e+000	2.893672e+000	2.891364e+000	1.267180e-001
2.500000448000000e-005	0.000000e+000	2.893672e+000	2.891297e+000	1.267180e-001
2.500000704000000e-005	0.000000e+000	2.893672e+000	2.891164e+000	1.267180e-001
2.500001215999999e-005	0.000000e+000	2.893673e+000	2.890897e+000	1.267180e-001
2.500002239999999e-005	0.000000e+000	2.893673e+000	2.890364e+000	1.267180e-001
2.500004287999997e-005	0.000000e+000	2.893674e+000	2.889297e+000	1.267180e-001
2.500008383999995e-005	0.000000e+000	2.893676e+000	2.887166e+000	1.267180e-001
2.500016575999990e-005	0.000000e+000	2.893679e+000	2.882909e+000	1.267180e-001
2.500065727999960e-005	0.000000e+000	2.893699e+000	2.857539e+000	1.267180e-001
2.500131263999920e-005	0.000000e+000	2.893726e+000	2.824165e+000	1.267181e-001
2.500262335999841e-005	0.000000e+000	2.893780e+000	2.758927e+000	1.267182e-001
2.500524479999681e-005	0.000000e+000	2.893889e+000	2.634229e+000	1.267185e-001
2.501048767999363e-005	0.000000e+000	2.894105e+000	2.405989e+000	1.267195e-001
2.502097343998726e-005	0.000000e+000	2.894536e+000	2.012782e+000	1.267219e-001
2.503611274334190e-005	0.000000e+000	2.895157e+000	1.561180e+000	1.267249e-001
2.505720880994063e-005	0.000000e+000	2.896020e+000	1.100173e+000	1.267282e-001
2.507974183017722e-005	0.000000e+000	2.896938e+000	7.605009e-001	1.267307e-001
2.510140499381277e-005	0.000000e+000	2.897817e+000	5.446189e-001	1.267323e-001
2.512294851254363e-005	0.000000e+000	2.898688e+000	4.037686e-001	1.267335e-001
2.514514172309666e-005	0.000000e+000	2.899580e+000	3.085597e-001	1.267342e-001
2.516850206106693e-005	0.000000e+000	2.900516e+000	2.435649e-001	1.267348e-001
2.519320027955620e-005	0.000000e+000	2.901500e+000	1.999674e-001	1.267352e-001
2.521981243174051e-005	0.000000e+000	2.902555e+000	1.710754e-001	1.267355e-001
2.524903752489686e-005	0.000000e+000	2.903707e+000	1.523501e-001	1.267357e-001
2.528207752057944e-005	0.000000e+000	2.905001e+000	1.405575e-001	1.267358e-001
2.532043893649448e-005	0.000000e+000	2.906493e+000	1.335201e-001	1.267360e-001
2.536660084960254e-005	0.000000e+000	2.908272e+000	1.296389e-001	1.267361e-001
2.542432510588803e-005	0.000000e+000	2.910471e+000	1.277523e-001	1.267362e-001
2.550049285681144e-005	0.000000e+000	2.913331e+000	1.269918e-001	1.267363e-001
2.814334999966863e-005	0.000000e+000	2.980604e+000	1.268844e-001	1.267394e-001
3.078620714252581e-005	0.000000e+000	2.993760e+000	1.268003e-001	1.267409e-001
3.342906428538299e-005	0.000000e+000	2.952797e+000	1.267397e-001	1.267407e-001
3.607192142824018e-005	0.000000e+000	2.857717e+000	1.267024e-001	1.267389e-001
3.871477857109736e-005	0.000000e+000	2.708520e+000	1.266884e-001	1.267354e-001
4.135763571395455e-005	0.000000e+000	2.505205e+000	1.266978e-001	1.267303e-001
4.400049285681172e-005	0.000000e+000	2.247772e+000	1.267306e-001	1.267235e-001
4.484335042824032e-005	0.000000e+000	2.157815e+000	1.267279e-001	1.267211e-001
4.568620799966891e-005	0.000000e+000	2.064165e+000	1.267251e-001	1.267186e-001
4.652906557109750e-005	0.000000e+000	1.966821e+000	1.267221e-001	1.267159e-001
4.737192314252610e-005	0.000000e+000	1.865782e+000	1.267190e-001	1.267131e-001
4.821478071395469e-005	0.000000e+000	1.761050e+000	1.267158e-001	1.267102e-001
4.905763828538328e-005	0.000000e+000	1.652624e+000	1.267125e-001	1.267072e-001
4.990049585681188e-005	0.000000e+000	1.540503e+000	1.267090e-001	1.267040e-001
4.990049985681189e-005	0.000000e+000	1.540503e+000	1.267090e-001	1.267040e-001
4.990050785681191e-005	0.000000e+000	1.540502e+000	1.267090e-001	1.267040e-001
4.990055585681204e-005	0.000000e+000	1.540495e+000	1.267090e-001	1.267040e-001
4.990990942826662e-005	0.000000e+000	1.539239e+000	1.267089e-001	1.267040e-001
4.991926299972120e-005	0.000000e+000	1.537983e+000	1.267089e-001	1.267040e-001
4.992861657117578e-005	0.000000e+000	1.536726e+000	1.267089e-001	1.267039e-001
4.993797014263036e-005	0.000000e+000	1.535469e+000	1.267088e-001	1.267039e-001
4.994732371408494e-005	0.000000e+000	1.534212e+000	1.267088e-001	1.267039e-001
4.995667728553952e-005	0.000000e+000	1.532954e+000	1.267088e-001	1.267038e-001
4.996603085699409e-005	0.000000e+000	1.531696e+000	1.267087e-001	1.267038e-001
4.996603485699410e-005	0.000000e+000	1.531696e+000	1.267087e-001	1.267038e-001
4.996604285699413e-005	0.000000e+000	1.531695e+000	1.267087e-001	1.267038e-001
4.996605885699417e-005	0.000000e+000	1.531693e+000	1.267087e-001	1.267038e-001
4.998602628578407e-005	0.000000e+000	1.529006e+000	1.267086e-001	1.267037e-001
4.999084685744331e-005	0.000000e+000	1.528357e+000	1.267086e-001	1.267037e-001
4.999084985744332e-005	0.000000e+000	1.528356e+000	1.267086e-001	1.267037e-001
4.999086185744335e-005	0.000000e+000	1.528355e+000	1.267086e-001	1.267037e-001
4.999087785744340e-005	0.000000e+000	1.528352e+000	1.267086e-001	1.267037e-001
4.999116585744420e-005	0.000000e+000	1.528314e+000	1.267086e-001	1.267037e-001
4.999145385744500e-005	0.000000e+000	1.528275e+000	1.267086e-001	1.267037e-001
4.999174185744580e-005	0.000000e+000	1.528236e+000	1.267086e-001	1.267037e-001
4.999202985744660e-005	0.000000e+000	1.528197e+000	1.267086e-001	1.267037e-001
4.999231785744740e-005	0.000000e+000	1.528159e+000	1.267086e-001	1.267037e-001
4.999260585744820e-005	0.000000e+000	1.528120e+000	1.267086e-001	1.267037e-001
4.999289385744900e-005	0.000000e+000	1.528081e+000	1.267086e-001	1.267037e-001
4.999590399998861e-005	0.000000e+000	1.527676e+000	1.267086e-001	1.267037e-001
4.999782828505645e-005	0.000000e+000	1.527417e+000	1.267086e-001	1.267037e-001
4.999782928505645e-005	0.000000e+000	1.527417e+000	1.267086e-001	1.267037e-001
4.999783128505646e-005	0.000000e+000	1.527416e+000	1.267086e-001	1.267037e-001
4.999783528505647e-005	0.000000e+000	1.527416e+000	1.267086e-001	1.267037e-001
4.999784328505649e-005	0.000000e+000	1.527415e+000	1.267086e-001	1.267037e-001
4.999785928505654e-005	0.000000e+000	1.527413e+000	1.267086e-001	1.267037e-001
4.999922542987288e-005	0.000000e+000	1.527229e+000	1.267086e-001	1.267037e-001
4.999950114024856e-005	0.000000e+000	1.527191e+000	1.267086e-001	1.267037e-001
4.999950214024857e-005	0.000000e+000	1.527191e+000	1.267086e-001	1.267037e-001
4.999950414024857e-005	0.000000e+000	1.527191e+000	1.267086e-001	1.267037e-001
4.999950814024858e-005	0.000000e+000	1.527190e+000	1.267086e-001	1.267037e-001
4.999951614024860e-005	0.000000e+000	1.527189e+000	1.267086e-001	1.267037e-001
4.999953214024865e-005	0.000000e+000	1.527187e+000	1.267086e-001	1.267037e-001
4.999962814024892e-005	0.000000e+000	1.527174e+000	1.267086e-001	1.267037e-001
4.999975614024927e-005	0.000000e+000	1.527157e+000	1.267086e-001	1.267037e-001
4.999975914024928e-005	0.000000e+000	1.527157e+000	1.267086e-001	1.267037e-001
4.999976314024929e-005	0.000000e+000	1.527156e+000	1.267086e-001	1.267037e-001
4.999977114024931e-005	0.000000e+000	1.527155e+000	1.267086e-001	1.267037e-001
4.999978714024936e-005	0.000000e+000	1.527153e+000	1.267086e-001	1.267037e-001
4.999981914024945e-005	0.000000e+000	1.527149e+000	1.267086e-001	1.267037e-001
4.999988314024962e-005	0.000000e+000	1.527140e+000	1.267086e-001	1.267037e-001
4.999988414024963e-005	0.000000e+000	1.527140e+000	1.267086e-001	1.267037e-001
4.999988614024963e-005	0.000000e+000	1.527140e+000	1.267086e-001	1.267037e-001
4.999989014024964e-005	0.000000e+000	1.527139e+000	1.267086e-001	1.267037e-001
4.999994614024980e-005	0.000000e+000	1.527132e+000	1.267086e-001	1.267037e-001
4.999994914024981e-005	0.000000e+000	1.527131e+000	1.267086e-001	1.267037e-001
4.999995314024982e-005	0.000000e+000	1.527131e+000	1.267086e-001	1.267037e-001
4.999996114024984e-005	0.000000e+000	1.527130e+000	1.267086e-001	1.267037e-001
4.999997714024989e-005	0.000000e+000	1.527127e+000	1.267086e-001	1.267037e-001
4.999997814024989e-005	0.000000e+000	1.527127e+000	1.267086e-001	1.267037e-001
4.999998014024989e-005	0.000000e+000	1.527127e+000	1.267086e-001	1.267037e-001
4.999998414024991e-005	0.000000e+000	1.527126e+000	1.267086e-001	1.267037e-001
4.999999214024993e-005	0.000000e+000	1.527125e+000	1.267086e-001	1.267037e-001
4.999999314024993e-005	0.000000e+000	1.527125e+000	1.267086e-001	1.267037e-001
4.999999514024994e-005	0.000000e+000	1.527125e+000	1.267086e-001	1.267037e-001
4.999999699999999e-005	0.000000e+000	1.527125e+000	1.267086e-001	1.267037e-001
4.999999900000000e-005	0.000000e+000	1.527124e+000	1.267086e-001	1.267037e-001
5.000000000000000e-005	0.000000e+000	1.527124e+000	1.267086e-001	1.267037e-001
5.000000010000000e-005	1.000000e-001	1.527124e+000	1.267086e-001	1.268675e-001
5.000000030000000e-005	3.000000e-001	1.527124e+000	1.267098e-001	4.257081e-001
5.000000070000000e-005	7.000000e-001	1.527124e+000	1.267176e-001	1.536826e+000
5.000000100000001e-005	1.000000e+000	1.527124e+000	1.267272e-001	1.927010e+000
5.000000108000000e-005	1.000000e+000	1.527124e+000	1.267302e-001	1.927010e+000
5.000000124000000e-005	1.000000e+000	1.527124e+000	1.267362e-001	1.927010e+000
5.000000156000000e-005	1.000000e+000	1.527124e+000	1.267481e-001	1.927010e+000
5.000000220000000e-005	1.000000e+000	1.527124e+000	1.267721e-001	1.927010e+000
5.000000786857145e-005	1.000000e+000	1.527123e+000	1.269839e-001	1.927009e+000
5.000001353714289e-005	1.000000e+000	1.527122e+000	1.271958e-001	1.927009e+000
5.000001920571434e-005	1.000000e+000	1.527122e+000	1.274076e-001	1.927008e+000
5.000002487428578e-005	1.000000e+000	1.527121e+000	1.276193e-001	1.927007e+000
5.000003054285723e-005	1.000000e+000	1.527120e+000	1.278311e-001	1.927007e+000
5.000003621142867e-005	1.000000e+000	1.527119e+000	1.280428e-001	1.927006e+000
5.000004188000012e-005	1.000000e+000	1.527119e+000	1.282545e-001	1.927005e+000
5.000153399428998e-005	1.000000e+000	1.526918e+000	1.828887e-001	1.926803e+000
5.000302610857984e-005	1.000000e+000	1.526717e+000	2.358074e-001	1.926571e+000
5.000451822286970e-005	1.000000e+000	1.526516e+000	2.870108e-001	1.926309e+000
5.000601033715957e-005	1.000000e+000	1.526315e+000	3.364987e-001	1.926017e+000
5.000750245144944e-005	1.000000e+000	1.526114e+000	3.842713e-001	1.925695e+000
5.000899456573929e-005	1.000000e+000	1.525913e+000	4.303284e-001	1.925343e+000
5.001048668002916e-005	1.000000e+000	1.525712e+000	4.746702e-001	1.924961e+000
5.002097244005831e-005	1.000000e+000	1.524299e+000	7.499046e-001	1.921465e+000
5.004194396011663e-005	1.000000e+000	1.521472e+000	1.173922e+000	1.910754e+000
5.006318897696992e-005	1.000000e+000	1.518606e+000	1.467463e+000	1.886273e+000
5.009207832807180e-005	1.000000e+000	1.514706e+000	1.693712e+000	1.811997e+000
5.012292796697822e-005	1.000000e+000	1.510538e+000	1.785001e+000	1.685391e+000
5.016226437418809e-005	1.000000e+000	1.505217e+000	1.756308e+000	1.508179e+000
5.020390529918187e-005	1.000000e+000	1.499578e+000	1.650590e+000	1.366389e+000
5.024701558312332e-005	1.000000e+000	1.493732e+000	1.537597e+000	1.296585e+000
5.029369294926138e-005	1.000000e+000	1.487394e+000	1.463793e+000	1.291351e+000
5.034935153241734e-005	1.000000e+000	1.479825e+000	1.440827e+000	1.322602e+000
5.040894674858860e-005	1.000000e+000	1.471706e+000	1.453969e+000	1.349721e+000
5.048111719645976e-005	1.000000e+000	1.461855e+000	1.470480e+000	1.352739e+000
5.056282073866070e-005	1.000000e+000	1.450678e+000	1.466660e+000	1.335115e+000
5.066282073866071e-005	1.000000e+000	1.436962e+000	1.446063e+000	1.314090e+000
5.086282073866071e-005	1.000000e+000	1.409417e+000	1.415939e+000	1.292220e+000
5.186282073866074e-005	1.000000e+000	1.268450e+000	1.275525e+000	1.164294e+000
5.286282073866076e-005	1.000000e+000	1.125029e+000	1.132553e+000	1.034163e+000
5.386282073866078e-005	1.000000e+000	9.791534e-001	9.870246e-001	9.018279e-001
5.486282073866081e-005	1.000000e+000	8.308235e-001	8.389395e-001	7.672877e-001
5.586282073866083e-005	1.000000e+000	6.800393e-001	6.882975e-001	6.305427e-001
5.686282073866086e-005	1.000000e+000	5.268008e-001	5.350987e-001	4.915929e-001
5.786282073866088e-005	1.000000e+000	3.711080e-001	3.793432e-001	3.504382e-001
5.810567788151803e-005	1.000000e+000	3.333609e-001	3.416087e-001	3.161832e-001
5.834853502437518e-005	1.000000e+000	2.955754e-001	3.038346e-001	2.818908e-001
5.859139216723233e-005	1.000000e+000	2.577516e-001	2.660209e-001	2.475611e-001
5.883424931008948e-005	1.000000e+000	2.198896e-001	2.281676e-001	2.131939e-001
5.907710645294663e-005	1.000000e+000	1.819892e-001	1.902747e-001	1.787894e-001
5.931996359580378e-005	1.000000e+000	1.440505e-001	1.523421e-001	1.443475e-001
5.956282073866092e-005	1.000000e+000	1.060735e-001	1.143699e-001	1.098682e-001
5.983424931008950e-005	1.000000e+000	6.360455e-002	7.190462e-002	7.130748e-002
6.010567788151808e-005	1.000000e+000	2.114408e-002	2.944624e-002	3.275128e-002
6.037710645294666e-005	1.000000e+000	-2.130787e-002	-1.300530e-002	-5.800443e-003
6.064853502437523e-005	1.000000e+000	-6.375130e-002	-5.544997e-002	-4.434768e-002
6.091996359580381e-005	1.000000e+000	-1.061862e-001	-9.788779e-002	-8.289043e-002
6.119139216723240e-005	1.000000e+000	-1.486126e-001	-1.403188e-001	-1.214287e-001
6.146282073866097e-005	1.000000e+000	-1.910305e-001	-1.827429e-001	-1.599625e-001
6.237710645294671e-005	1.000000e+000	-3.343030e-001	-3.260490e-001	-2.901406e-001
6.329139216723245e-005	1.000000e+000	-4.760208e-001	-4.678188e-001	-4.189426e-001
6.420567788151818e-005	1.000000e+000	-6.161839e-001	-6.080522e-001	-5.463685e-001
6.511996359580392e-005	1.000000e+000	-7.547923e-001	-7.467493e-001	-6.724183e-001
6.603424931008965e-005	1.000000e+000	-8.918459e-001	-8.839100e-001	-7.970920e-001
6.694853502437539e-005	1.000000e+000	-1.027345e+000	-1.019534e+000	-9.203895e-001
6.786282073866112e-005	1.000000e+000	-1.161289e+000	-1.153622e+000	-1.042311e+000
6.888241791885239e-005	1.000000e+000	-1.307610e+000	-1.300125e+000	-1.175546e+000
6.990201509904366e-005	1.000000e+000	-1.449273e+000	-1.441990e+000	-1.304591e+000
7.092161227923493e-005	1.000000e+000	-1.586280e+000	-1.579218e+000	-1.429444e+000
7.194120945942620e-005	1.000000e+000	-1.718630e+000	-1.711808e+000	-1.550106e+000
7.296080663961747e-005	1.000000e+000	-1.846323e+000	-1.839761e+000	-1.666577e+000
7.398040381980874e-005	1.000000e+000	-1.969359e+000	-1.963077e+000	-1.778857e+000
7.500000100000000e-005	1.000000e+000	-2.087739e+000	-2.081755e+000	-1.886946e+000
7.500000110000001e-005	9.000000e-001	-2.087739e+000	-2.081755e+000	-1.885255e+000
7.500000130000000e-005	7.000000e-001	-2.087739e+000	-2.081754e+000	-1.552333e+000
7.500000170000000e-005	3.000000e-001	-2.087739e+000	-2.081745e+000	-3.309103e-001
7.500000200000000e-005	3.995803e-009	-2.087739e+000	-2.081735e+000	9.138437e-002
7.500000208000000e-005	1.331934e-009	-2.087739e+000	-2.081732e+000	9.138435e-002
7.500000224000000e-005	0.000000e+000	-2.087739e+000	-2.081725e+000	9.138435e-002
7.500000255999999e-005	0.000000e+000	-2.087739e+000	-2.081712e+000	9.138436e-002
7.500000319999999e-005	0.000000e+000	-2.087739e+000	-2.081686e+000	9.138437e-002
7.500000447999998e-005	0.000000e+000	-2.087739e+000	-2.081633e+000	9.138437e-002
7.500000703999998e-005	0.000000e+000	-2.087739e+000	-2.081528e+000	9.138437e-002
7.500001215999996e-005	0.000000e+000	-2.087740e+000	-2.081319e+000	9.138437e-002
7.500002239999991e-005	0.000000e+000	-2.087741e+000	-2.080899e+000	9.138437e-002
7.500004287999982e-005	0.000000e+000	-2.087743e+000	-2.080061e+000	9.138437e-002
7.500008383999966e-005	0.000000e+000	-2.087748e+000	-2.078386e+000	9.138437e-002
7.500016575999933e-005	0.000000e+000	-2.087757e+000	-2.075040e+000	9.138437e-002
7.500032959999868e-005	0.000000e+000	-2.087775e+000	-2.068367e+000	9.138437e-002
7.500065727999738e-005	0.000000e+000	-2.087812e+000	-2.055099e+000	9.138437e-002
7.500131263999475e-005	0.000000e+000	-2.087886e+000	-2.028866e+000	9.138434e-002
7.500262335998952e-005	0.000000e+000	-2.088033e+000	-1.977588e+000	9.138427e-002
7.500524479997904e-005	0.000000e+000	-2.088328e+000	-1.879573e+000	9.138398e-002
7.501048767995809e-005	0.000000e+000	-2.088916e+000	-1.700171e+000	9.138306e-002
7.502097343991620e-005	0.000000e+000	-2.090093e+000	-1.390661e+000	9.138083e-002
7.503573258522644e-005	0.000000e+000	-2.091749e+000	-1.042179e+000	9.137788e-002
7.505569585226308e-005	0.000000e+000	-2.093987e+000	-6.930286e-001	9.137468e-002
7.507692554957363e-005	0.000000e+000	-2.096364e+000	-4.317115e-001	9.137217e-002
7.509659666837560e-005	0.000000e+000	-2.098564e+000	-2.663965e-001	9.137052e-002
7.511537200853342e-005	0.000000e+000	-2.100662e+000	-1.580582e-001	9.136938e-002
7.513329813683041e-005	0.000000e+000	-2.102664e+000	-8.502173e-002	9.136858e-002
7.514859580272720e-005	0.000000e+000	-2.104370e+000	-3.958553e-002	9.136806e-002
7.516126049429384e-005	0.000000e+000	-2.105782e+000	-1.143937e-002	9.136772e-002
7.517525429018220e-005	0.000000e+000	-2.107341e+000	1.246916e-002	9.136742e-002
7.518810209085935e-005	0.000000e+000	-2.108771e+000	2.934813e-002	9.136719e-002
7.520516081978985e-005	0.000000e+000	-2.110668e+000	4.601535e-002	9.136695e-002
7.522539599165761e-005	0.000000e+000	-2.112916e+000	6.008520e-002	9.136673e-002
7.525105934100789e-005	0.000000e+000	-2.115764e+000	7.184996e-002	9.136651e-002
7.528019070216372e-005	0.000000e+000	-2.118993e+000	7.997184e-002	9.136631e-002
7.531620449270694e-005	0.000000e+000	-2.122977e+000	8.548272e-002	9.136611e-002
7.535853028348979e-005	0.000000e+000	-2.127649e+000	8.865953e-002	9.136593e-002
7.541303332898185e-005	0.000000e+000	-2.133650e+000	9.035464e-002	9.136571e-002
7.548214022759827e-005	0.000000e+000	-2.141232e+000	9.107299e-002	9.136546e-002
7.566757505389898e-005	0.000000e+000	-2.161454e+000	9.119815e-002	9.136480e-002
7.585300988019971e-005	0.000000e+000	-2.181469e+000	9.129485e-002	9.136415e-002
7.603844470650042e-005	0.000000e+000	-2.201279e+000	9.136309e-002	9.136351e-002
7.622387953280113e-005	0.000000e+000	-2.220881e+000	9.140286e-002	9.136287e-002
7.640931435910184e-005	0.000000e+000	-2.240278e+000	9.141418e-002	9.136225e-002
7.659474918540256e-005	0.000000e+000	-2.259468e+000	9.139703e-002	9.136162e-002
7.678018401170328e-005	0.000000e+000	-2.278452e+000	9.135142e-002	9.136101e-002
7.688018401170328e-005	0.000000e+000	-2.288599e+000	9.135106e-002	9.136067e-002
7.985161258313192e-005	0.000000e+000	-2.566801e+000	9.134097e-002	9.135146e-002
8.282304115456057e-005	0.000000e+000	-2.775865e+000	9.133312e-002	9.134429e-002
8.579446972598921e-005	0.000000e+000	-2.915790e+000	9.132752e-002	9.133915e-002
8.876589829741785e-005	0.000000e+000	-2.986577e+000	9.132417e-002	9.133606e-002
9.173732686884650e-005	0.000000e+000	-2.988226e+000	9.132307e-002	9.133501e-002
9.470875544027514e-005	0.000000e+000	-2.920735e+000	9.132421e-002	9.133600e-002
9.768018401170378e-005	0.000000e+000	-2.784107e+000	9.132760e-002	9.133902e-002
1.000000000000000e-004	0.000000e+000	-2.628920e+000	9.133193e-002	9.134291e-002
1.000000001000000e-004	1.000000e-001	-2.628920e+000	9.133193e-002	9.106881e-002
1.000000003000000e-004	3.000000e-001	-2.628920e+000	9.132985e-002	-4.086900e-001
1.000000007000000e-004	7.000000e-001	-2.628920e+000	9.131680e-002	-2.266842e+000
1.000000010000000e-004	1.000000e+000	-2.628920e+000	9.130078e-002	-2.919358e+000
1.000000010800000e-004	1.000000e+000	-2.628920e+000	9.129577e-002	-2.919357e+000
1.000000012400000e-004	1.000000e+000	-2.628920e+000	9.128577e-002	-2.919357e+000
1.000000015600000e-004	1.000000e+000	-2.628920e+000	9.126577e-002	-2.919357e+000
1.000000034800000e-004	1.000000e+000	-2.628920e+000	9.114575e-002	-2.919357e+000
1.000007520971399e-004	1.000000e+000	-2.628863e+000	4.478938e-002	-2.919303e+000
1.000015007142797e-004	1.000000e+000	-2.628807e+000	-7.966520e-004	-2.919242e+000
1.000022493314196e-004	1.000000e+000	-2.628750e+000	-4.561233e-002	-2.919174e+000
1.000029979485595e-004	1.000000e+000	-2.628694e+000	-8.965766e-002	-2.919099e+000
1.000037465656993e-004	1.000000e+000	-2.628638e+000	-1.329326e-001	-2.919018e+000
1.000044951828392e-004	1.000000e+000	-2.628581e+000	-1.754373e-001	-2.918931e+000
1.000052437999790e-004	1.000000e+000	-2.628525e+000	-2.171716e-001	-2.918836e+000
1.000104866799581e-004	1.000000e+000	-2.628129e+000	-4.908183e-001	-2.918005e+000
1.000209724399162e-004	1.000000e+000	-2.627337e+000	-9.553756e-001	-2.915554e+000
1.000398929518525e-004	1.000000e+000	-2.625907e+000	-1.611397e+000	-2.909156e+000
1.000601831028018e-004	1.000000e+000	-2.624370e+000	-2.110672e+000	-2.898928e+000
1.000866868832101e-004	1.000000e+000	-2.622358e+000	-2.526181e+000	-2.871595e+000
1.001149538923004e-004	1.000000e+000	-2.620207e+000	-2.770189e+000	-2.803219e+000
1.001531456971381e-004	1.000000e+000	-2.617290e+000	-2.882029e+000	-2.651340e+000
1.001980166375213e-004	1.000000e+000	-2.613851e+000	-2.841606e+000	-2.464089e+000
1.002496338285059e-004	1.000000e+000	-2.609878e+000	-2.710316e+000	-2.320862e+000
1.002999452953862e-004	1.000000e+000	-2.605987e+000	-2.605379e+000	-2.279840e+000
1.003619410124713e-004	1.000000e+000	-2.601165e+000	-2.559542e+000	-2.306045e+000
1.004432526189360e-004	1.000000e+000	-2.594801e+000	-2.574791e+000	-2.349806e+000
1.005184087342788e-004	1.000000e+000	-2.588878e+000	-2.595455e+000	-2.357810e+000
1.006184087342788e-004	1.000000e+000	-2.580933e+000	-2.593746e+000	-2.339065e+000
1.008184087342788e-004	1.000000e+000	-2.564843e+000	-2.566274e+000	-2.319149e+000
1.023898373057074e-004	1.000000e+000	-2.425923e+000	-2.429210e+000	-2.194904e+000
1.039612658771360e-004	1.000000e+000	-2.273544e+000	-2.278355e+000	-2.058193e+000
1.055326944485646e-004	1.000000e+000	-2.107706e+000	-2.113710e+000	-1.909017e+000
1.071041230199932e-004	1.000000e+000	-1.928409e+000	-1.935273e+000	-1.747375e+000
1.086755515914219e-004	1.000000e+000	-1.735653e+000	-1.743047e+000	-1.573266e+000
1.102469801628505e-004	1.000000e+000	-1.529439e+000	-1.537029e+000	-1.386692e+000
1.118184087342791e-004	1.000000e+000	-1.309765e+000	-1.317222e+000	-1.187653e+000
1.128041230199934e-004	1.000000e+000	-1.168382e+000	-1.176017e+000	-1.059648e+000
1.137898373057077e-004	1.000000e+000	-1.024877e+000	-1.032669e+000	-9.296741e-001
1.147755515914220e-004	1.000000e+000	-8.792489e-001	-8.871781e-001	-7.977317e-001
1.157612658771363e-004	1.000000e+000	-7.314988e-001	-7.395434e-001	-6.638204e-001
1.167469801628506e-004	1.000000e+000	-5.816263e-001	-5.897654e-001	-5.279402e-001
1.177326944485649e-004	1.000000e+000	-4.296315e-001	-4.378439e-001	-3.900912e-001
1.187184087342792e-004	1.000000e+000	-2.755142e-001	-2.837790e-001	-2.502734e-001
1.189898373057078e-004	1.000000e+000	-2.331812e-001	-2.414563e-001	-2.118603e-001
1.192612658771364e-004	1.000000e+000	-1.908226e-001	-1.991065e-001	-1.734209e-001
1.195326944485650e-004	1.000000e+000	-1.484386e-001	-1.567296e-001	-1.349550e-001
1.198041230199936e-004	1.000000e+000	-1.060291e-001	-1.143255e-001	-9.646273e-002
1.200755515914221e-004	1.000000e+000	-6.359414e-002	-7.189421e-002	-5.794405e-002
1.203469801628507e-004	1.000000e+000	-2.113366e-002	-2.943581e-002	-1.939897e-002
1.206184087342793e-004	1.000000e+000	2.135231e-002	1.304973e-002	1.917253e-002
1.212300647722394e-004	1.000000e+000	1.172583e-001	1.089609e-001	1.062543e-001
1.218417208101995e-004	1.000000e+000	2.128031e-001	2.045194e-001	1.930245e-001
1.224533768481596e-004	1.000000e+000	3.079868e-001	2.997251e-001	2.794832e-001
1.230650328861197e-004	1.000000e+000	4.028094e-001	3.945780e-001	3.656303e-001
1.236766889240798e-004	1.000000e+000	4.972708e-001	4.890781e-001	4.514659e-001
1.242883449620399e-004	1.000000e+000	5.913710e-001	5.832255e-001	5.369900e-001
1.249000010000000e-004	1.000000e+000	6.851101e-001	6.770201e-001	6.222025e-001
1.250000010000000e-004	1.000000e+000	7.003362e-001	6.922560e-001	6.360451e-001
1.250000011000000e-004	9.000000e-001	7.003363e-001	6.922560e-001	6.355038e-001
1.250000013000000e-004	7.000000e-001	7.003363e-001	6.922556e-001	5.289096e-001
1.250000017000000e-004	3.000000e-001	7.003363e-001	6.922529e-001	1.378379e-001
1.250000020000000e-004	1.077207e-008	7.003364e-001	6.922496e-001	2.628703e-003
1.250000020800000e-004	3.590689e-009	7.003364e-001	6.922486e-001	2.628702e-003
1.250000022400000e-004	0.000000e+000	7.003365e-001	6.922465e-001	2.628702e-003
1.250000025600000e-004	0.000000e+000	7.003365e-001	6.922423e-001	2.628703e-003
1.250000032000000e-004	0.000000e+000	7.003366e-001	6.922340e-001	2.628703e-003
1.250000044800000e-004	0.000000e+000	7.003368e-001	6.922174e-001	2.628703e-003
1.250000070400000e-004	0.000000e+000	7.003372e-001	6.921841e-001	2.628703e-003
1.250000121600000e-004	0.000000e+000	7.003379e-001	6.921175e-001	2.628703e-003
1.250000223999999e-004	0.000000e+000	7.003395e-001	6.919845e-001	2.628703e-003
1.250000428799998e-004	0.000000e+000	7.003426e-001	6.917185e-001	2.628703e-003
1.250001657599993e-004	0.000000e+000	7.003613e-001	6.901250e-001	2.628704e-003
1.250006572799974e-004	0.000000e+000	7.004361e-001	6.837968e-001	2.628708e-003
1.250013126399948e-004	0.000000e+000	7.005358e-001	6.754720e-001	2.628717e-003
1.250052447999790e-004	0.000000e+000	7.011340e-001	6.280950e-001	2.628848e-003
1.250104876799581e-004	0.000000e+000	7.019314e-001	5.711636e-001	2.629209e-003
1.250209734399162e-004	0.000000e+000	7.035263e-001	4.751275e-001	2.630410e-003
1.250419449598324e-004	0.000000e+000	7.067152e-001	3.267561e-001	2.633587e-003
1.250640599991137e-004	0.000000e+000	7.100773e-001	2.153865e-001	2.636961e-003
1.250857220788953e-004	0.000000e+000	7.133696e-001	1.426506e-001	2.639646e-003
1.251054510431181e-004	0.000000e+000	7.163674e-001	9.844745e-002	2.641417e-003
1.251259434860039e-004	0.000000e+000	7.194803e-001	6.751379e-002	2.642738e-003
1.251461468922906e-004	0.000000e+000	7.225485e-001	4.678067e-002	2.643681e-003
1.251670618847766e-004	0.000000e+000	7.257239e-001	3.227947e-002	2.644390e-003
1.251876409131998e-004	0.000000e+000	7.288474e-001	2.265422e-002	2.644904e-003
1.252087791707689e-004	0.000000e+000	7.320550e-001	1.602421e-002	2.645299e-003
1.252298930249609e-004	0.000000e+000	7.352580e-001	1.159429e-002	2.645601e-003
1.252517437912993e-004	0.000000e+000	7.385718e-001	8.553569e-003	2.645847e-003
1.252739934190268e-004	0.000000e+000	7.419451e-001	6.517743e-003	2.646050e-003
1.252973906554879e-004	0.000000e+000	7.454914e-001	5.132296e-003	2.646230e-003
1.253219084786712e-004	0.000000e+000	7.492062e-001	4.210935e-003	2.646393e-003
1.253484856854149e-004	0.000000e+000	7.532318e-001	3.595978e-003	2.646551e-003
1.253775268695045e-004	0.000000e+000	7.576288e-001	3.198419e-003	2.646711e-003
1.254104645338586e-004	0.000000e+000	7.626136e-001	2.946735e-003	2.646882e-003
1.254485073616753e-004	0.000000e+000	7.683682e-001	2.796815e-003	2.647071e-003
1.254943767109263e-004	0.000000e+000	7.753025e-001	2.713705e-003	2.647294e-003
1.256268260258118e-004	0.000000e+000	7.952990e-001	2.657179e-003	2.647927e-003
1.269982545972405e-004	0.000000e+000	1.002388e+000	2.661839e-003	2.654420e-003
1.283696831686691e-004	0.000000e+000	1.201915e+000	2.666824e-003	2.660698e-003
1.297411117400977e-004	0.000000e+000	1.393882e+000	2.672133e-003	2.666760e-003
1.311125403115263e-004	0.000000e+000	1.578287e+000	2.677766e-003	2.672607e-003
1.324839688829549e-004	0.000000e+000	1.755131e+000	2.683723e-003	2.678239e-003
1.338553974543835e-004	0.000000e+000	1.924414e+000	2.690004e-003	2.683656e-003
1.352268260258121e-004	0.000000e+000	2.086135e+000	2.696610e-003	2.688857e-003
1.373372794506961e-004	0.000000e+000	2.314762e+000	2.704787e-003	2.696316e-003
1.394477328755801e-004	0.000000e+000	2.510627e+000	2.711915e-003	2.702825e-003
1.415581863004641e-004	0.000000e+000	2.673730e+000	2.717994e-003	2.708383e-003
1.436686397253480e-004	0.000000e+000	2.804071e+000	2.723025e-003	2.712990e-003
1.457790931502320e-004	0.000000e+000	2.901649e+000	2.727007e-003	2.716647e-003
1.478895465751160e-004	0.000000e+000	2.966466e+000	2.729941e-003	2.719353e-003
1.500000000000000e-004	0.000000e+000	2.998520e+000	2.731826e-003	2.721108e-003
1.500000001000000e-004	1.000000e-001	2.998520e+000	2.731827e-003	3.017817e-003
1.500000003000000e-004	3.000000e-001	2.998520e+000	2.734074e-003	5.440077e-001
1.500000007000000e-004	7.000000e-001	2.998520e+000	2.748200e-003	2.555460e+000
1.500000010000000e-004	1.000000e+000	2.998520e+000	2.765550e-003	3.261810e+000
1.500000010800000e-004	1.000000e+000	2.998520e+000	2.770963e-003	3.261810e+000
1.500000012400000e-004	1.000000e+000	2.998520e+000	2.781790e-003	3.261810e+000
1.500000128971428e-004	1.000000e+000	2.998520e+000	3.570482e-003	3.261810e+000
1.500000245542856e-004	1.000000e+000	2.998520e+000	4.358958e-003	3.261810e+000
1.500000362114284e-004	1.000000e+000	2.998520e+000	5.147217e-003	3.261810e+000
1.500000478685712e-004	1.000000e+000	2.998520e+000	5.935260e-003	3.261810e+000
1.500000595257140e-004	1.000000e+000	2.998520e+000	6.723087e-003	3.261810e+000
1.500000711828569e-004	1.000000e+000	2.998520e+000	7.510697e-003	3.261810e+000
1.500000828399997e-004	1.000000e+000	2.998520e+000	8.298091e-003	3.261810e+000
1.500006562799974e-004	1.000000e+000	2.998523e+000	4.676640e-002	3.261811e+000
1.500013116399948e-004	1.000000e+000	2.998526e+000	9.010121e-002	3.261807e+000
1.500026223599895e-004	1.000000e+000	2.998533e+000	1.748081e-001	3.261784e+000
1.500052437999791e-004	1.000000e+000	2.998545e+000	3.367152e-001	3.261677e+000
1.500104866799581e-004	1.000000e+000	2.998571e+000	6.330195e-001	3.261241e+000
1.500209724399162e-004	1.000000e+000	2.998621e+000	1.134624e+000	3.259583e+000
1.500407754591983e-004	1.000000e+000	2.998713e+000	1.873015e+000	3.254422e+000
1.500612859698110e-004	1.000000e+000	2.998804e+000	2.412307e+000	3.245853e+000
1.500886876234194e-004	1.000000e+000	2.998922e+000	2.867416e+000	3.221257e+000
1.501172309422987e-004	1.000000e+000	2.999038e+000	3.128969e+000	3.157727e+000
1.501564690121440e-004	1.000000e+000	2.999185e+000	3.255053e+000	3.008815e+000
1.502019683251521e-004	1.000000e+000	2.999341e+000	3.221859e+000	2.825283e+000
1.502565349821190e-004	1.000000e+000	2.999506e+000	3.089961e+000	2.681250e+000
1.503088988708618e-004	1.000000e+000	2.999641e+000	2.989931e+000	2.646527e+000
1.503751191141268e-004	1.000000e+000	2.999778e+000	2.953672e+000	2.681922e+000
1.504600908014661e-004	1.000000e+000	2.999903e+000	2.979925e+000	2.729672e+000
1.505421476316444e-004	1.000000e+000	2.999969e+000	3.006077e+000	2.739039e+000
1.507421476316444e-004	1.000000e+000	2.999900e+000	2.998930e+000	2.720334e+000
1.528278619173587e-004	1.000000e+000	2.976620e+000	2.977026e+000	2.702821e+000
1.549135762030730e-004	1.000000e+000	2.920937e+000	2.922579e+000	2.655395e+000
1.569992904887874e-004	1.000000e+000	2.832850e+000	2.835591e+000	2.578056e+000
1.590850047745017e-004	1.000000e+000	2.712359e+000	2.716060e+000	2.470803e+000
1.611707190602161e-004	1.000000e+000	2.559465e+000	2.563987e+000	2.333637e+000
1.632564333459304e-004	1.000000e+000	2.374166e+000	2.379372e+000	2.166558e+000
1.653421476316447e-004	1.000000e+000	2.156464e+000	2.162215e+000	1.969566e+000
1.659707190602162e-004	1.000000e+000	2.086751e+000	2.092695e+000	1.906632e+000
1.665992904887876e-004	1.000000e+000	2.014996e+000	2.021127e+000	1.841829e+000
1.672278619173591e-004	1.000000e+000	1.941197e+000	1.947508e+000	1.775158e+000
1.678564333459305e-004	1.000000e+000	1.865356e+000	1.871840e+000	1.706617e+000
1.684850047745019e-004	1.000000e+000	1.787471e+000	1.794121e+000	1.636208e+000
1.691135762030734e-004	1.000000e+000	1.707544e+000	1.714354e+000	1.563930e+000
1.697421476316448e-004	1.000000e+000	1.625574e+000	1.632536e+000	1.489783e+000
1.698421476316448e-004	1.000000e+000	1.612403e+000	1.619388e+000	1.477867e+000
1.705789838271241e-004	1.000000e+000	1.513641e+000	1.520794e+000	1.388500e+000
1.713158200226035e-004	1.000000e+000	1.413024e+000	1.420334e+000	1.297427e+000
1.720526562180828e-004	1.000000e+000	1.310553e+000	1.318008e+000	1.204648e+000
1.727894924135621e-004	1.000000e+000	1.206227e+000	1.213816e+000	1.110162e+000
1.735263286090414e-004	1.000000e+000	1.100046e+000	1.107759e+000	1.013971e+000
1.742631648045207e-004	1.000000e+000	9.920107e-001	9.998363e-001	9.160734e-001
1.750000010000000e-004	1.000000e+000	8.821208e-001	8.900476e-001	8.164699e-001
1.750000011000000e-004	9.000000e-001	8.821208e-001	8.900476e-001	8.159171e-001
1.750000013000000e-004	7.000000e-001	8.821208e-001	8.900471e-001	7.070572e-001
1.750000017000000e-004	3.000000e-001	8.821207e-001	8.900442e-001	3.076735e-001
1.750000020000000e-004	0.000000e+000	8.821207e-001	8.900408e-001	1.695907e-001
1.750000020800000e-004	0.000000e+000	8.821207e-001	8.900397e-001	1.695906e-001
1.750000022400000e-004	0.000000e+000	8.821207e-001	8.900375e-001	1.695906e-001
1.750000025600000e-004	0.000000e+000	8.821206e-001	8.900331e-001	1.695906e-001
1.750000032000000e-004	0.000000e+000	8.821205e-001	8.900244e-001	1.695906e-001
1.750000044800000e-004	0.000000e+000	8.821203e-001	8.900071e-001	1.695906e-001
1.750000070400000e-004	0.000000e+000	8.821199e-001	8.899723e-001	1.695906e-001
1.750000121600000e-004	0.000000e+000	8.821192e-001	8.899028e-001	1.695906e-001
1.750000223999999e-004	0.000000e+000	8.821176e-001	8.897638e-001	1.695906e-001
1.750000428799998e-004	0.000000e+000	8.821146e-001	8.894858e-001	1.695906e-001
1.750000838399997e-004	0.000000e+000	8.821084e-001	8.889304e-001	1.695906e-001
1.750001657599993e-004	0.000000e+000	8.820962e-001	8.878211e-001	1.695906e-001
1.750003295999987e-004	0.000000e+000	8.820717e-001	8.856090e-001	1.695906e-001
1.750006572799974e-004	0.000000e+000	8.820227e-001	8.812101e-001	1.695906e-001
1.750052447999791e-004	0.000000e+000	8.813367e-001	8.230180e-001	1.695907e-001
1.750104876799581e-004	0.000000e+000	8.805526e-001	7.635413e-001	1.695910e-001
1.750209734399162e-004	0.000000e+000	8.789841e-001	6.632116e-001	1.695922e-001
1.750419449598324e-004	0.000000e+000	8.758463e-001	5.094135e-001	1.695952e-001
1.750664396459127e-004	0.000000e+000	8.721803e-001	3.834371e-001	1.695988e-001
1.750894896797534e-004	0.000000e+000	8.687292e-001	3.072103e-001	1.696014e-001
1.751153207688238e-004	0.000000e+000	8.648602e-001	2.541012e-001	1.696033e-001
1.751417084607319e-004	0.000000e+000	8.609062e-001	2.209544e-001	1.696045e-001
1.751726727867109e-004	0.000000e+000	8.562644e-001	1.983952e-001	1.696053e-001
1.752063246795515e-004	0.000000e+000	8.512170e-001	1.849456e-001	1.696057e-001
1.752474475900054e-004	0.000000e+000	8.450453e-001	1.767829e-001	1.696059e-001
1.752955529437318e-004	0.000000e+000	8.378207e-001	1.725589e-001	1.696059e-001
1.753587033214528e-004	0.000000e+000	8.283281e-001	1.705467e-001	1.696057e-001
1.754408831640388e-004	0.000000e+000	8.159616e-001	1.698013e-001	1.696054e-001
1.755408831640388e-004	0.000000e+000	8.008944e-001	1.696264e-001	1.696050e-001
1.758408831640388e-004	0.000000e+000	7.555666e-001	1.696057e-001	1.696036e-001
1.761837403068960e-004	0.000000e+000	7.034956e-001	1.696040e-001	1.696021e-001
1.765265974497531e-004	0.000000e+000	6.512417e-001	1.696022e-001	1.696005e-001
1.768694545926103e-004	0.000000e+000	5.988048e-001	1.696005e-001	1.695990e-001
1.772123117354674e-004	0.000000e+000	5.461849e-001	1.695987e-001	1.695974e-001
1.775551688783246e-004	0.000000e+000	4.933820e-001	1.695969e-001	1.695957e-001
1.778980260211817e-004	0.000000e+000	4.403962e-001	1.695951e-001	1.695941e-001
1.782408831640389e-004	0.000000e+000	3.872274e-001	1.695933e-001	1.695924e-001
1.785408831640389e-004	0.000000e+000	3.406395e-001	1.695916e-001	1.695909e-001
1.786408831640389e-004	0.000000e+000	3.250911e-001	1.695911e-001	1.695904e-001
1.787408831640389e-004	0.000000e+000	3.095338e-001	1.695905e-001	1.695899e-001
1.788408831640389e-004	0.000000e+000	2.939682e-001	1.695899e-001	1.695894e-001
1.789408831640389e-004	0.000000e+000	2.783945e-001	1.695893e-001	1.695888e-001
1.790408831640389e-004	0.000000e+000	2.628133e-001	1.695887e-001	1.695883e-001
1.791408831640389e-004	0.000000e+000	2.472249e-001	1.695881e-001	1.695877e-001
1.792408831640389e-004	0.000000e+000	2.316298e-001	1.695875e-001	1.695871e-001
1.793408831640389e-004	0.000000e+000	2.160284e-001	1.695868e-001	1.695865e-001
1.794408831640389e-004	0.000000e+000	2.004212e-001	1.695861e-001	1.695859e-001
1.795408831640389e-004	0.000000e+000	1.848084e-001	1.695854e-001	1.695851e-001
1.796408831640389e-004	0.000000e+000	1.691907e-001	1.695845e-001	1.695843e-001
1.797408831640389e-004	0.000000e+000	1.535683e-001	1.695834e-001	1.695832e-001
1.798408831640389e-004	0.000000e+000	1.379418e-001	1.695819e-001	1.695816e-001
1.799408831640389e-004	0.000000e+000	1.223115e-001	1.695799e-001	1.695793e-001
1.800408831640389e-004	0.000000e+000	1.066779e-001	1.695770e-001	1.695763e-001
1.801408831640389e-004	0.000000e+000	9.104138e-002	1.695731e-001	1.695723e-001
1.802408831640389e-004	0.000000e+000	7.540239e-002	1.695684e-001	1.695675e-001
1.803408831640389e-004	0.000000e+000	5.976136e-002	1.695627e-001	1.695620e-001
1.804408831640389e-004	0.000000e+000	4.411880e-002	1.695565e-001	1.695563e-001
1.805031264027469e-004	0.000000e+000	3.438169e-002	1.695530e-001	1.695536e-001
1.805785016943572e-004	0.000000e+000	2.258969e-002	1.695498e-001	1.695517e-001
1.806510789719826e-004	0.000000e+000	1.123511e-002	1.695480e-001	1.695508e-001
1.807276453266522e-004	0.000000e+000	-7.437233e-004	1.695470e-001	1.695503e-001
1.808230430710879e-004	0.000000e+000	-1.566866e-002	1.695463e-001	1.695497e-001
1.809230430710879e-004	0.000000e+000	-3.131318e-002	1.695456e-001	1.695492e-001
1.810230430710879e-004	0.000000e+000	-4.695686e-002	1.695450e-001	1.695486e-001
1.811230430710879e-004	0.000000e+000	-6.259926e-002	1.695445e-001	1.695481e-001
1.813230430710879e-004	0.000000e+000	-9.387852e-002	1.695433e-001	1.695471e-001
1.817230430710879e-004	0.000000e+000	-1.564708e-001	1.695411e-001	1.695450e-001
1.821230430710879e-004	0.000000e+000	-2.189271e-001	1.695389e-001	1.695430e-001
1.825230430710879e-004	0.000000e+000	-2.812477e-001	1.695367e-001	1.695411e-001
1.829230430710879e-004	0.000000e+000	-3.434324e-001	1.695345e-001	1.695391e-001
1.833230430710879e-004	0.000000e+000	-4.054812e-001	1.695324e-001	1.695371e-001
1.837230430710879e-004	0.000000e+000	-4.673942e-001	1.695303e-001	1.695352e-001
1.841230430710879e-004	0.000000e+000	-5.291713e-001	1.695281e-001	1.695333e-001
1.853230430710880e-004	0.000000e+000	-7.145209e-001	1.695218e-001	1.695276e-001
1.865230430710880e-004	0.000000e+000	-8.953553e-001	1.695157e-001	1.695220e-001
1.877230430710880e-004	0.000000e+000	-1.071675e+000	1.695096e-001	1.695165e-001
1.889230430710881e-004	0.000000e+000	-1.243479e+000	1.695037e-001	1.695111e-001
1.901230430710881e-004	0.000000e+000	-1.410769e+000	1.694980e-001	1.695059e-001
1.913230430710881e-004	0.000000e+000	-1.573543e+000	1.694924e-001	1.695008e-001
1.925230430710882e-004	0.000000e+000	-1.731802e+000	1.694870e-001	1.694959e-001
1.935911797752184e-004	0.000000e+000	-1.866411e+000	1.694823e-001	1.694916e-001
1.946593164793487e-004	0.000000e+000	-1.994302e+000	1.694778e-001	1.694875e-001
1.957274531834790e-004	0.000000e+000	-2.115475e+000	1.694736e-001	1.694837e-001
1.967955898876092e-004	0.000000e+000	-2.229930e+000	1.694696e-001	1.694800e-001
1.978637265917395e-004	0.000000e+000	-2.337666e+000	1.694657e-001	1.694765e-001
1.989318632958698e-004	0.000000e+000	-2.438684e+000	1.694621e-001	1.694732e-001
2.000000000000000e-004	0.000000e+000	-2.532984e+000	1.694587e-001	1.694701e-001
2.000000001000000e-004	1.000000e-001	-2.532984e+000	1.694587e-001	1.691982e-001
2.000000003000000e-004	3.000000e-001	-2.532984e+000	1.694566e-001	-3.265556e-001
2.000000007000000e-004	7.000000e-001	-2.532984e+000	1.694437e-001	-2.169816e+000
2.000000010000000e-004	1.000000e+000	-2.532984e+000	1.694278e-001	-2.817103e+000
2.000000012400000e-004	1.000000e+000	-2.532984e+000	1.694129e-001	-2.817103e+000
2.000000015600000e-004	1.000000e+000	-2.532984e+000	1.693931e-001	-2.817103e+000
2.000000034800000e-004	1.000000e+000	-2.532984e+000	1.692740e-001	-2.817103e+000
2.000000967371425e-004	1.000000e+000	-2.532992e+000	1.634980e-001	-2.817110e+000
2.000001899942850e-004	1.000000e+000	-2.533000e+000	1.577345e-001	-2.817117e+000
2.000002832514275e-004	1.000000e+000	-2.533008e+000	1.519836e-001	-2.817124e+000
2.000003765085699e-004	1.000000e+000	-2.533015e+000	1.462453e-001	-2.817131e+000
2.000004697657124e-004	1.000000e+000	-2.533023e+000	1.405195e-001	-2.817138e+000
2.000005630228549e-004	1.000000e+000	-2.533031e+000	1.348064e-001	-2.817145e+000
2.000006562799974e-004	1.000000e+000	-2.533039e+000	1.291058e-001	-2.817151e+000
2.000013116399948e-004	1.000000e+000	-2.533094e+000	8.939331e-002	-2.817194e+000
2.000026223599895e-004	1.000000e+000	-2.533204e+000	1.176474e-002	-2.817265e+000
2.000052437999791e-004	1.000000e+000	-2.533423e+000	-1.366216e-001	-2.817346e+000
2.000104866799581e-004	1.000000e+000	-2.533862e+000	-4.082130e-001	-2.817279e+000
2.000209724399162e-004	1.000000e+000	-2.534740e+000	-8.707698e-001	-2.816370e+000
2.000391495792230e-004	1.000000e+000	-2.536260e+000	-1.501365e+000	-2.812928e+000
2.000592812050473e-004	1.000000e+000	-2.537940e+000	-2.001156e+000	-2.805955e+000
2.000850727605492e-004	1.000000e+000	-2.540089e+000	-2.415089e+000	-2.784569e+000
2.001131644921714e-004	1.000000e+000	-2.542424e+000	-2.669565e+000	-2.724778e+000
2.001502555864835e-004	1.000000e+000	-2.545499e+000	-2.795197e+000	-2.588146e+000
2.001946496935632e-004	1.000000e+000	-2.549167e+000	-2.771990e+000	-2.410075e+000
2.002457513713805e-004	1.000000e+000	-2.553372e+000	-2.654417e+000	-2.270421e+000
2.002958252341110e-004	1.000000e+000	-2.557475e+000	-2.555115e+000	-2.230310e+000
2.003561611209292e-004	1.000000e+000	-2.562395e+000	-2.513189e+000	-2.260920e+000
2.004285872371595e-004	1.000000e+000	-2.568267e+000	-2.533736e+000	-2.312434e+000
2.005056586836342e-004	1.000000e+000	-2.574474e+000	-2.568826e+000	-2.336243e+000
2.006056586836342e-004	1.000000e+000	-2.582467e+000	-2.587000e+000	-2.334697e+000
2.008056586836342e-004	1.000000e+000	-2.598250e+000	-2.591244e+000	-2.341828e+000
2.031056586836342e-004	1.000000e+000	-2.761039e+000	-2.756227e+000	-2.492448e+000
2.054056586836343e-004	1.000000e+000	-2.881614e+000	-2.878721e+000	-2.604546e+000
2.077056586836343e-004	1.000000e+000	-2.959977e+000	-2.958725e+000	-2.678122e+000
2.100056586836344e-004	1.000000e+000	-2.996127e+000	-2.996240e+000	-2.713177e+000
2.123056586836344e-004	1.000000e+000	-2.990064e+000	-2.991266e+000	-2.709710e+000
2.146056586836345e-004	1.000000e+000	-2.941787e+000	-2.943803e+000	-2.667722e+000
2.169056586836346e-004	1.000000e+000	-2.851298e+000	-2.853851e+000	-2.587212e+000
2.180619933002582e-004	1.000000e+000	-2.789114e+000	-2.792143e+000	-2.531692e+000
2.192183279168818e-004	1.000000e+000	-2.717544e+000	-2.721033e+000	-2.467618e+000
2.203746625335055e-004	1.000000e+000	-2.636587e+000	-2.640521e+000	-2.394989e+000
2.215309971501291e-004	1.000000e+000	-2.546243e+000	-2.550608e+000	-2.313807e+000
2.226873317667528e-004	1.000000e+000	-2.446513e+000	-2.451293e+000	-2.224070e+000
2.238436663833764e-004	1.000000e+000	-2.337397e+000	-2.342577e+000	-2.125778e+000
2.250000010000000e-004	1.000000e+000	-2.218893e+000	-2.224459e+000	-2.018932e+000
2.250000011000000e-004	9.000000e-001	-2.218893e+000	-2.224459e+000	-2.017249e+000
2.250000013000000e-004	7.000000e-001	-2.218893e+000	-2.224458e+000	-1.685698e+000
2.250000017000000e-004	3.000000e-001	-2.218893e+000	-2.224449e+000	-4.693078e-001
2.250000020000000e-004	0.000000e+000	-2.218893e+000	-2.224438e+000	-4.875299e-002
2.250000020800000e-004	0.000000e+000	-2.218893e+000	-2.224435e+000	-4.875296e-002
2.250000022400000e-004	0.000000e+000	-2.218893e+000	-2.224428e+000	-4.875296e-002
2.250000025600000e-004	0.000000e+000	-2.218893e+000	-2.224415e+000	-4.875296e-002
2.250000032000000e-004	0.000000e+000	-2.218893e+000	-2.224389e+000	-4.875297e-002
2.250000044800000e-004	0.000000e+000	-2.218893e+000	-2.224337e+000	-4.875296e-002
2.250000070400000e-004	0.000000e+000	-2.218893e+000	-2.224231e+000	-4.875296e-002
2.250000121600000e-004	0.000000e+000	-2.218892e+000	-2.224022e+000	-4.875296e-002
2.250000223999999e-004	0.000000e+000	-2.218891e+000	-2.223602e+000	-4.875296e-002
2.250000428799998e-004	0.000000e+000	-2.218889e+000	-2.222763e+000	-4.875296e-002
2.250000838399997e-004	0.000000e+000	-2.218884e+000	-2.221085e+000	-4.875296e-002
2.250001657599993e-004	0.000000e+000	-2.218876e+000	-2.217735e+000	-4.875296e-002
2.250003295999987e-004	0.000000e+000	-2.218858e+000	-2.211055e+000	-4.875296e-002
2.250006572799974e-004	0.000000e+000	-2.218824e+000	-2.197771e+000	-4.875297e-002
2.250026233599895e-004	0.000000e+000	-2.218617e+000	-2.120168e+000	-4.875306e-002
2.250052447999791e-004	0.000000e+000	-2.218341e+000	-2.022037e+000	-4.875332e-002
2.250104876799581e-004	0.000000e+000	-2.217789e+000	-1.842424e+000	-4.875421e-002
2.250209734399162e-004	0.000000e+000	-2.216683e+000	-1.533275e+000	-4.875639e-002
2.250363591635836e-004	0.000000e+000	-2.215060e+000	-1.171511e+000	-4.875942e-002
2.250563752819422e-004	0.000000e+000	-2.212947e+000	-8.256260e-001	-4.876254e-002
2.250790760777316e-004	0.000000e+000	-2.210547e+000	-5.535378e-001	-4.876507e-002
2.250998626050978e-004	0.000000e+000	-2.208348e+000	-3.868693e-001	-4.876665e-002
2.251210891506741e-004	0.000000e+000	-2.206099e+000	-2.742361e-001	-4.876773e-002
2.251419195839361e-004	0.000000e+000	-2.203889e+000	-2.004000e-001	-4.876844e-002
2.251640513059094e-004	0.000000e+000	-2.201538e+000	-1.484075e-001	-4.876892e-002
2.251863527941780e-004	0.000000e+000	-2.199166e+000	-1.139834e-001	-4.876923e-002
2.252101413556065e-004	0.000000e+000	-2.196633e+000	-9.033065e-002	-4.876942e-002
2.252348631436814e-004	0.000000e+000	-2.193997e+000	-7.480525e-002	-4.876953e-002
2.252620310014630e-004	0.000000e+000	-2.191096e+000	-6.438389e-002	-4.876957e-002
2.252916201943057e-004	0.000000e+000	-2.187931e+000	-5.773134e-002	-4.876956e-002
2.253256215430318e-004	0.000000e+000	-2.184287e+000	-5.352646e-002	-4.876951e-002
2.253648854344799e-004	0.000000e+000	-2.180071e+000	-5.106848e-002	-4.876943e-002
2.254128717509661e-004	0.000000e+000	-2.174905e+000	-4.972543e-002	-4.876930e-002
2.254728318523045e-004	0.000000e+000	-2.168430e+000	-4.909376e-002	-4.876914e-002
2.256533920258168e-004	0.000000e+000	-2.148806e+000	-4.878373e-002	-4.876861e-002
2.270391063115312e-004	0.000000e+000	-1.989685e+000	-4.877561e-002	-4.876426e-002
2.284248205972455e-004	0.000000e+000	-1.822484e+000	-4.876793e-002	-4.875962e-002
2.298105348829598e-004	0.000000e+000	-1.647204e+000	-4.876069e-002	-4.875471e-002
2.311962491686741e-004	0.000000e+000	-1.463844e+000	-4.875389e-002	-4.874951e-002
2.325819634543884e-004	0.000000e+000	-1.272405e+000	-4.874753e-002	-4.874402e-002
2.339676777401028e-004	0.000000e+000	-1.072886e+000	-4.874162e-002	-4.873826e-002
2.353533920258171e-004	0.000000e+000	-8.652881e-001	-4.873614e-002	-4.873221e-002
2.359105348829600e-004	0.000000e+000	-7.812939e-001	-4.873342e-002	-4.872975e-002
2.364676777401028e-004	0.000000e+000	-6.968197e-001	-4.873066e-002	-4.872724e-002
2.370248205972457e-004	0.000000e+000	-6.118654e-001	-4.872785e-002	-4.872469e-002
2.375819634543886e-004	0.000000e+000	-5.264311e-001	-4.872499e-002	-4.872210e-002
2.381391063115314e-004	0.000000e+000	-4.405167e-001	-4.872209e-002	-4.871947e-002
2.386962491686743e-004	0.000000e+000	-3.541222e-001	-4.871914e-002	-4.871679e-002
2.392533920258172e-004	0.000000e+000	-2.672477e-001	-4.871614e-002	-4.871406e-002
2.395533920258172e-004	0.000000e+000	-2.204684e-001	-4.871447e-002	-4.871254e-002
2.396533920258172e-004	0.000000e+000	-2.048628e-001	-4.871390e-002	-4.871202e-002
2.397533920258172e-004	0.000000e+000	-1.892515e-001	-4.871332e-002	-4.871149e-002
2.398533920258172e-004	0.000000e+000	-1.736352e-001	-4.871274e-002	-4.871096e-002
2.399533920258172e-004	0.000000e+000	-1.580141e-001	-4.871215e-002	-4.871042e-002
2.400533920258172e-004	0.000000e+000	-1.423887e-001	-4.871154e-002	-4.870987e-002
2.401533920258172e-004	0.000000e+000	-1.267595e-001	-4.871092e-002	-4.870930e-002
2.402533920258172e-004	0.000000e+000	-1.111268e-001	-4.871029e-002	-4.870871e-002
2.403533920258172e-004	0.000000e+000	-9.549102e-002	-4.870962e-002	-4.870810e-002
2.404533920258172e-004	0.000000e+000	-7.985269e-002	-4.870892e-002	-4.870744e-002
2.405533920258172e-004	0.000000e+000	-6.421220e-002	-4.870816e-002	-4.870671e-002
2.406533920258172e-004	0.000000e+000	-4.856995e-002	-4.870728e-002	-4.870585e-002
2.407533920258172e-004	0.000000e+000	-3.292639e-002	-4.870621e-002	-4.870474e-002
2.408533920258172e-004	0.000000e+000	-1.728193e-002	-4.870474e-002	-4.870317e-002
2.409533920258172e-004	0.000000e+000	-1.637001e-003	-4.870266e-002	-4.870092e-002
2.410533920258172e-004	0.000000e+000	1.400797e-002	-4.869976e-002	-4.869786e-002
2.411533920258172e-004	0.000000e+000	2.965257e-002	-4.869594e-002	-4.869393e-002
2.412533920258172e-004	0.000000e+000	4.529635e-002	-4.869116e-002	-4.868913e-002
2.413533920258172e-004	0.000000e+000	6.093891e-002	-4.868549e-002	-4.868359e-002
2.414533920258172e-004	0.000000e+000	7.657997e-002	-4.867933e-002	-4.867796e-002
2.415234604348014e-004	0.000000e+000	8.753817e-002	-4.867543e-002	-4.867496e-002
2.416044665038351e-004	0.000000e+000	1.002054e-001	-4.867223e-002	-4.867306e-002
2.416808734655176e-004	0.000000e+000	1.121518e-001	-4.867052e-002	-4.867220e-002
2.417664054799242e-004	0.000000e+000	1.255226e-001	-4.866954e-002	-4.867161e-002
2.418664054799242e-004	0.000000e+000	1.411521e-001	-4.866879e-002	-4.867104e-002
2.419664054799242e-004	0.000000e+000	1.567778e-001	-4.866817e-002	-4.867050e-002
2.420664054799242e-004	0.000000e+000	1.723992e-001	-4.866758e-002	-4.866997e-002
2.421664054799242e-004	0.000000e+000	1.880160e-001	-4.866700e-002	-4.866945e-002
2.423664054799242e-004	0.000000e+000	2.192422e-001	-4.866586e-002	-4.866842e-002
2.425664054799242e-004	0.000000e+000	2.504361e-001	-4.866473e-002	-4.866739e-002
2.427664054799242e-004	0.000000e+000	2.815976e-001	-4.866360e-002	-4.866637e-002
2.429664054799242e-004	0.000000e+000	3.127269e-001	-4.866249e-002	-4.866536e-002
2.431664054799242e-004	0.000000e+000	3.438238e-001	-4.866139e-002	-4.866436e-002
2.433664054799242e-004	0.000000e+000	3.748884e-001	-4.866029e-002	-4.866337e-002
2.435664054799242e-004	0.000000e+000	4.059207e-001	-4.865920e-002	-4.866238e-002
2.444792500923149e-004	0.000000e+000	5.476833e-001	-4.865429e-002	-4.865791e-002
2.453920947047056e-004	0.000000e+000	6.874278e-001	-4.864945e-002	-4.865351e-002
2.463049393170963e-004	0.000000e+000	8.251542e-001	-4.864469e-002	-4.864919e-002
2.472177839294870e-004	0.000000e+000	9.608625e-001	-4.864000e-002	-4.864492e-002
2.481306285418776e-004	0.000000e+000	1.094553e+000	-4.863539e-002	-4.864073e-002
2.490434731542683e-004	0.000000e+000	1.226225e+000	-4.863086e-002	-4.863661e-002
2.499563177666590e-004	0.000000e+000	1.355878e+000	-4.862640e-002	-4.863255e-002
2.499749260727357e-004	0.000000e+000	1.358475e+000	-4.862631e-002	-4.863247e-002
2.500000000000000e-004	0.000000e+000	1.361971e+000	-4.862619e-002	-4.863236e-002
