time	V(logic)	V(signal_in)	V(signal_out)	V(vc)
0.000000000000000e+000	0.000000e+000	0.000000e+000	0.000000e+000	0.000000e+000
1.000000000000000e-012	1.000000e+000	2.261947e-005	1.200389e-014	6.368354e-018
2.977646977903089e-010	1.000000e+000	6.735338e-003	-3.840186e-006	-2.177455e-009
5.945293955806177e-010	1.000000e+000	1.344794e-002	2.416533e-007	2.206888e-011
8.912940933709266e-010	1.000000e+000	2.016042e-002	1.224552e-005	6.598573e-009
1.188058791161236e-009	1.000000e+000	2.687278e-002	3.217141e-005	1.755206e-008
1.484823488951545e-009	1.000000e+000	3.358503e-002	6.001932e-005	3.288252e-008
1.781588186741853e-009	1.000000e+000	4.029715e-002	9.578926e-005	5.258996e-008
2.078352884532161e-009	1.000000e+000	4.700916e-002	1.394812e-004	7.667438e-008
2.604054986737596e-009	1.000000e+000	5.889827e-002	2.711623e-004	1.503702e-007
3.240745297093312e-009	1.000000e+000	7.329609e-002	5.164537e-004	2.894566e-007
4.048428310663898e-009	1.000000e+000	9.155801e-002	9.921121e-004	5.635389e-007
5.045257928726214e-009	1.000000e+000	1.140915e-001	1.885784e-003	1.088917e-006
6.305718698666737e-009	1.000000e+000	1.425742e-001	3.596800e-003	2.120038e-006
7.874990831551676e-009	1.000000e+000	1.780166e-001	6.740339e-003	4.068864e-006
9.583975206551676e-009	1.000000e+000	2.165868e-001	1.159010e-002	7.168257e-006
1.129295958155168e-008	1.000000e+000	2.551216e-001	1.815043e-002	1.149520e-005
1.300194395655168e-008	1.000000e+000	2.936140e-001	2.662136e-002	1.726360e-005
1.471092833155168e-008	1.000000e+000	3.320577e-001	3.713522e-002	2.465618e-005
1.641991270655168e-008	1.000000e+000	3.704462e-001	4.978815e-002	3.384297e-005
1.812889708155168e-008	1.000000e+000	4.087733e-001	6.464265e-002	4.498066e-005
1.983788145655168e-008	1.000000e+000	4.470325e-001	8.173026e-002	5.821217e-005
2.154686583155168e-008	1.000000e+000	4.852174e-001	1.010543e-001	7.366644e-005
2.325585020655168e-008	1.000000e+000	5.233217e-001	1.225925e-001	9.145834e-005
2.496483458155168e-008	1.000000e+000	5.613393e-001	1.463001e-001	1.116888e-004
2.667381895655169e-008	1.000000e+000	5.992635e-001	1.721122e-001	1.344450e-004
2.838280333155169e-008	1.000000e+000	6.370884e-001	1.999466e-001	1.598007e-004
3.009178770655169e-008	1.000000e+000	6.748074e-001	2.297063e-001	1.878167e-004
3.180077208155169e-008	1.000000e+000	7.124144e-001	2.612821e-001	2.185416e-004
3.350975645655169e-008	1.000000e+000	7.499031e-001	2.945547e-001	2.520120e-004
3.692772520655170e-008	1.000000e+000	8.245008e-001	3.656769e-001	3.272808e-004
4.034569395655170e-008	1.000000e+000	8.985509e-001	4.419991e-001	4.137065e-004
4.547264708155171e-008	1.000000e+000	1.008492e+000	5.638110e-001	5.641000e-004
4.889061583155171e-008	1.000000e+000	1.080959e+000	6.483301e-001	6.779058e-004
5.230858458155171e-008	1.000000e+000	1.152708e+000	7.343297e-001	8.022041e-004
5.572655333155172e-008	1.000000e+000	1.223692e+000	8.209245e-001	9.366415e-004
5.914452208155172e-008	1.000000e+000	1.293863e+000	9.073530e-001	1.080836e-003
6.109764708155172e-008	1.000000e+000	1.333599e+000	9.565879e-001	1.167638e-003
6.305077208155173e-008	1.000000e+000	1.373024e+000	1.005279e+000	1.257248e-003
6.500389708155173e-008	1.000000e+000	1.412139e+000	1.053426e+000	1.349666e-003
6.695702208155173e-008	1.000000e+000	1.450944e+000	1.101029e+000	1.444891e-003
6.891014708155173e-008	1.000000e+000	1.489439e+000	1.148089e+000	1.542924e-003
7.086327208155174e-008	1.000000e+000	1.527623e+000	1.194604e+000	1.643765e-003
7.281639708155173e-008	1.000000e+000	1.565496e+000	1.240576e+000	1.747414e-003
7.794335020655174e-008	1.000000e+000	1.663224e+000	1.357427e+000	2.031147e-003
8.184960020655174e-008	1.000000e+000	1.736171e+000	1.442643e+000	2.259340e-003
8.575585020655174e-008	1.000000e+000	1.807463e+000	1.525125e+000	2.496061e-003
8.966210020655176e-008	1.000000e+000	1.877098e+000	1.604872e+000	2.741309e-003
9.356835020655176e-008	1.000000e+000	1.945077e+000	1.681884e+000	2.995084e-003
9.747460020655176e-008	1.000000e+000	2.011400e+000	1.756162e+000	3.257387e-003
1.013808502065518e-007	1.000000e+000	2.076066e+000	1.827705e+000	3.528217e-003
1.052871002065518e-007	1.000000e+000	2.139076e+000	1.896514e+000	3.807575e-003
1.165175689565517e-007	1.000000e+000	2.311537e+000	2.086048e+000	4.666739e-003
1.277480377065517e-007	1.000000e+000	2.465084e+000	2.259264e+000	5.569868e-003
1.389785064565516e-007	1.000000e+000	2.599717e+000	2.416160e+000	6.516963e-003
1.502089752065515e-007	1.000000e+000	2.715437e+000	2.556737e+000	7.508024e-003
1.614394439565515e-007	1.000000e+000	2.812244e+000	2.680995e+000	8.543050e-003
1.726699127065514e-007	1.000000e+000	2.890136e+000	2.788934e+000	9.622041e-003
1.839003814565514e-007	1.000000e+000	2.949116e+000	2.880553e+000	1.074500e-002
1.871468053853773e-007	1.000000e+000	2.961676e+000	2.902206e+000	1.106870e-002
1.903932293142033e-007	1.000000e+000	2.972461e+000	2.922072e+000	1.139318e-002
1.936396532430292e-007	1.000000e+000	2.981468e+000	2.940152e+000	1.171843e-002
1.968860771718551e-007	1.000000e+000	2.988700e+000	2.956446e+000	1.204445e-002
2.001325011006811e-007	1.000000e+000	2.994155e+000	2.970954e+000	1.237125e-002
2.033789250295071e-007	1.000000e+000	2.997834e+000	2.983676e+000	1.269882e-002
2.066253489583330e-007	1.000000e+000	2.999736e+000	2.994612e+000	1.302717e-002
2.073179920797694e-007	1.000000e+000	2.999912e+000	2.996710e+000	1.309713e-002
2.073189920797694e-007	1.000000e+000	2.999912e+000	2.996712e+000	1.309724e-002
2.073209920797694e-007	1.000000e+000	2.999913e+000	2.996718e+000	1.309744e-002
2.073249920797694e-007	1.000000e+000	2.999913e+000	2.996730e+000	1.309784e-002
2.073329920797694e-007	1.000000e+000	2.999915e+000	2.996754e+000	1.309865e-002
2.073489920797694e-007	1.000000e+000	2.999917e+000	2.996801e+000	1.310027e-002
2.073809920797695e-007	1.000000e+000	2.999923e+000	2.996895e+000	1.310350e-002
2.074449920797695e-007	1.000000e+000	2.999932e+000	2.997082e+000	1.310996e-002
2.075729920797697e-007	1.000000e+000	2.999949e+000	2.997454e+000	1.312289e-002
2.078289920797700e-007	1.000000e+000	2.999978e+000	2.998193e+000	1.314875e-002
2.078299920797700e-007	1.000000e+000	2.999978e+000	2.998196e+000	1.314886e-002
2.078319920797700e-007	1.000000e+000	2.999979e+000	2.998202e+000	1.314906e-002
2.078359920797700e-007	1.000000e+000	2.999979e+000	2.998213e+000	1.314946e-002
2.078439920797700e-007	1.000000e+000	2.999979e+000	2.998236e+000	1.315027e-002
2.078599920797700e-007	1.000000e+000	2.999981e+000	2.998282e+000	1.315189e-002
2.078919920797700e-007	1.000000e+000	2.999983e+000	2.998373e+000	1.315512e-002
2.079559920797701e-007	1.000000e+000	2.999988e+000	2.998555e+000	1.316158e-002
2.080839920797703e-007	1.000000e+000	2.999995e+000	2.998917e+000	1.317451e-002
2.080849920797703e-007	1.000000e+000	2.999995e+000	2.998919e+000	1.317462e-002
2.080869920797703e-007	1.000000e+000	2.999995e+000	2.998925e+000	1.317482e-002
2.080909920797703e-007	1.000000e+000	2.999995e+000	2.998936e+000	1.317522e-002
2.080989920797703e-007	1.000000e+000	2.999995e+000	2.998959e+000	1.317603e-002
2.081149920797703e-007	1.000000e+000	2.999996e+000	2.999004e+000	1.317765e-002
2.081469920797703e-007	1.000000e+000	2.999997e+000	2.999094e+000	1.318088e-002
2.082109920797704e-007	1.000000e+000	2.999999e+000	2.999273e+000	1.318734e-002
2.082119920797704e-007	1.000000e+000	2.999999e+000	2.999275e+000	1.318744e-002
2.082139920797704e-007	1.000000e+000	2.999999e+000	2.999281e+000	1.318765e-002
2.082179920797704e-007	1.000000e+000	2.999999e+000	2.999292e+000	1.318805e-002
2.082259920797704e-007	1.000000e+000	2.999999e+000	2.999315e+000	1.318886e-002
2.082419920797704e-007	1.000000e+000	2.999999e+000	2.999359e+000	1.319048e-002
2.082739920797705e-007	1.000000e+000	3.000000e+000	2.999448e+000	1.319371e-002
2.082749920797705e-007	1.000000e+000	3.000000e+000	2.999451e+000	1.319381e-002
2.082769920797705e-007	1.000000e+000	3.000000e+000	2.999457e+000	1.319401e-002
2.082809920797705e-007	1.000000e+000	3.000000e+000	2.999468e+000	1.319441e-002
2.082889920797705e-007	1.000000e+000	3.000000e+000	2.999490e+000	1.319522e-002
2.083049920797705e-007	1.000000e+000	3.000000e+000	2.999535e+000	1.319684e-002
2.083059920797705e-007	1.000000e+000	3.000000e+000	2.999537e+000	1.319694e-002
2.083079920797705e-007	1.000000e+000	3.000000e+000	2.999543e+000	1.319714e-002
2.083119920797705e-007	1.000000e+000	3.000000e+000	2.999554e+000	1.319755e-002
2.083199920797705e-007	1.000000e+000	3.000000e+000	2.999576e+000	1.319836e-002
2.083209920797705e-007	1.000000e+000	3.000000e+000	2.999579e+000	1.319846e-002
2.083229920797705e-007	1.000000e+000	3.000000e+000	2.999584e+000	1.319866e-002
2.083269920797705e-007	1.000000e+000	3.000000e+000	2.999596e+000	1.319906e-002
2.083279920797705e-007	1.000000e+000	3.000000e+000	2.999598e+000	1.319916e-002
2.083299920797705e-007	1.000000e+000	3.000000e+000	2.999604e+000	1.319936e-002
2.083313333333330e-007	1.000000e+000	3.000000e+000	2.999608e+000	1.319950e-002
2.083326508262081e-007	1.000000e+000	3.000000e+000	2.999611e+000	1.319963e-002
2.083336508262081e-007	1.000000e+000	3.000000e+000	2.999614e+000	1.319973e-002
2.083343333333330e-007	1.000000e+000	3.000000e+000	2.999616e+000	1.319980e-002
2.083344333333330e-007	9.000000e-001	3.000000e+000	2.999616e+000	1.319981e-002
2.083346333333330e-007	7.000000e-001	3.000000e+000	2.999610e+000	1.319983e-002
2.083350333333330e-007	3.000000e-001	3.000000e+000	2.999571e+000	1.319985e-002
2.083353333333330e-007	0.000000e+000	3.000000e+000	2.999522e+000	1.319985e-002
2.083354133333330e-007	0.000000e+000	3.000000e+000	2.999507e+000	1.319985e-002
2.083355733333330e-007	0.000000e+000	3.000000e+000	2.999477e+000	1.319985e-002
2.083358933333330e-007	0.000000e+000	3.000000e+000	2.999417e+000	1.319985e-002
2.083365333333330e-007	0.000000e+000	3.000000e+000	2.999297e+000	1.319985e-002
2.083378133333330e-007	0.000000e+000	3.000000e+000	2.999057e+000	1.319985e-002
2.083403733333330e-007	0.000000e+000	3.000000e+000	2.998577e+000	1.319985e-002
2.083454933333330e-007	0.000000e+000	3.000000e+000	2.997617e+000	1.319985e-002
2.083557333333330e-007	0.000000e+000	3.000000e+000	2.995699e+000	1.319985e-002
2.083762133333330e-007	0.000000e+000	3.000000e+000	2.991866e+000	1.319985e-002
2.084171733333331e-007	0.000000e+000	2.999999e+000	2.984220e+000	1.319986e-002
2.084990933333332e-007	0.000000e+000	2.999997e+000	2.969001e+000	1.319986e-002
2.086629333333333e-007	0.000000e+000	2.999988e+000	2.938853e+000	1.319986e-002
2.089906133333337e-007	0.000000e+000	2.999954e+000	2.879699e+000	1.319987e-002
2.096459733333345e-007	0.000000e+000	2.999816e+000	2.765790e+000	1.319989e-002
2.109566933333360e-007	0.000000e+000	2.999318e+000	2.551572e+000	1.319993e-002
2.126656777083359e-007	0.000000e+000	2.998275e+000	2.294583e+000	1.319999e-002
2.143746620833359e-007	0.000000e+000	2.996764e+000	2.062187e+000	1.320004e-002
2.160836464583359e-007	0.000000e+000	2.994755e+000	1.853476e+000	1.320009e-002
2.177926308333359e-007	0.000000e+000	2.992249e+000	1.666035e+000	1.320015e-002
2.195016152083359e-007	0.000000e+000	2.989246e+000	1.497697e+000	1.320020e-002
2.212105995833359e-007	0.000000e+000	2.985747e+000	1.346514e+000	1.320026e-002
2.229195839583359e-007	0.000000e+000	2.981752e+000	1.210740e+000	1.320032e-002
2.246285683333359e-007	0.000000e+000	2.977262e+000	1.088802e+000	1.320037e-002
2.263375527083358e-007	0.000000e+000	2.972278e+000	9.792921e-001	1.320043e-002
2.280465370833358e-007	0.000000e+000	2.966800e+000	8.809424e-001	1.320049e-002
2.297555214583358e-007	0.000000e+000	2.960829e+000	7.926159e-001	1.320055e-002
2.314645058333358e-007	0.000000e+000	2.954367e+000	7.132910e-001	1.320061e-002
2.331734902083358e-007	0.000000e+000	2.947415e+000	6.420504e-001	1.320066e-002
2.348824745833358e-007	0.000000e+000	2.939973e+000	5.780702e-001	1.320072e-002
2.365914589583358e-007	0.000000e+000	2.932043e+000	5.206103e-001	1.320078e-002
2.383004433333358e-007	0.000000e+000	2.923626e+000	4.690063e-001	1.320084e-002
2.400094277083358e-007	0.000000e+000	2.914724e+000	4.226614e-001	1.320090e-002
2.417184120833358e-007	0.000000e+000	2.905338e+000	3.810395e-001	1.320096e-002
2.434273964583358e-007	0.000000e+000	2.895469e+000	3.436594e-001	1.320102e-002
2.451363808333358e-007	0.000000e+000	2.885120e+000	3.100886e-001	1.320108e-002
2.468453652083358e-007	0.000000e+000	2.874291e+000	2.799390e-001	1.320114e-002
2.485543495833359e-007	0.000000e+000	2.862986e+000	2.528619e-001	1.320119e-002
2.502633339583359e-007	0.000000e+000	2.851205e+000	2.285441e-001	1.320125e-002
2.519723183333359e-007	0.000000e+000	2.838951e+000	2.067045e-001	1.320131e-002
2.536813027083359e-007	0.000000e+000	2.826225e+000	1.870903e-001	1.320137e-002
2.553902870833359e-007	0.000000e+000	2.813030e+000	1.694749e-001	1.320143e-002
2.570992714583359e-007	0.000000e+000	2.799368e+000	1.536545e-001	1.320149e-002
2.588082558333359e-007	0.000000e+000	2.785241e+000	1.394461e-001	1.320155e-002
2.605172402083360e-007	0.000000e+000	2.770652e+000	1.266855e-001	1.320161e-002
2.622262245833360e-007	0.000000e+000	2.755603e+000	1.152250e-001	1.320167e-002
2.639352089583360e-007	0.000000e+000	2.740096e+000	1.049322e-001	1.320172e-002
2.656441933333360e-007	0.000000e+000	2.724135e+000	9.568805e-002	1.320178e-002
2.673531777083360e-007	0.000000e+000	2.707721e+000	8.738565e-002	1.320184e-002
2.690621620833360e-007	0.000000e+000	2.690857e+000	7.992903e-002	1.320190e-002
2.707711464583361e-007	0.000000e+000	2.673547e+000	7.323196e-002	1.320195e-002
2.724801308333361e-007	0.000000e+000	2.655793e+000	6.721701e-002	1.320201e-002
2.741891152083361e-007	0.000000e+000	2.637598e+000	6.181467e-002	1.320207e-002
2.758980995833361e-007	0.000000e+000	2.618964e+000	5.696247e-002	1.320213e-002
2.776070839583361e-007	0.000000e+000	2.599897e+000	5.260434e-002	1.320218e-002
2.793160683333361e-007	0.000000e+000	2.580397e+000	4.868992e-002	1.320224e-002
2.810250527083361e-007	0.000000e+000	2.560469e+000	4.517396e-002	1.320230e-002
2.827340370833362e-007	0.000000e+000	2.540116e+000	4.201584e-002	1.320235e-002
2.844430214583362e-007	0.000000e+000	2.519341e+000	3.917909e-002	1.320241e-002
2.861520058333362e-007	0.000000e+000	2.498148e+000	3.663093e-002	1.320246e-002
2.878609902083362e-007	0.000000e+000	2.476540e+000	3.434194e-002	1.320252e-002
2.895699745833362e-007	0.000000e+000	2.454521e+000	3.228569e-002	1.320257e-002
2.912789589583362e-007	0.000000e+000	2.432095e+000	3.043845e-002	1.320263e-002
2.929879433333363e-007	0.000000e+000	2.409264e+000	2.877891e-002	1.320268e-002
2.964059120833363e-007	0.000000e+000	2.362407e+000	2.594828e-002	1.320279e-002
2.998238808333363e-007	0.000000e+000	2.313981e+000	2.366292e-002	1.320289e-002
3.032418495833363e-007	0.000000e+000	2.264018e+000	2.181724e-002	1.320300e-002
3.066598183333364e-007	0.000000e+000	2.212552e+000	2.032610e-002	1.320310e-002
3.100777870833364e-007	0.000000e+000	2.159616e+000	1.912082e-002	1.320320e-002
3.152047402083364e-007	0.000000e+000	2.077535e+000	1.773069e-002	1.320335e-002
3.203316933333365e-007	0.000000e+000	1.992350e+000	1.671769e-002	1.320350e-002
3.239938027083365e-007	0.000000e+000	1.929547e+000	1.620726e-002	1.320360e-002
3.276559120833366e-007	0.000000e+000	1.865398e+000	1.576211e-002	1.320370e-002
3.313180214583366e-007	0.000000e+000	1.799904e+000	1.538225e-002	1.320380e-002
3.349801308333366e-007	0.000000e+000	1.733063e+000	1.506766e-002	1.320389e-002
3.386422402083366e-007	0.000000e+000	1.664877e+000	1.481835e-002	1.320399e-002
3.423043495833367e-007	0.000000e+000	1.595346e+000	1.463433e-002	1.320408e-002
3.459664589583367e-007	0.000000e+000	1.524468e+000	1.451558e-002	1.320416e-002
3.535348183333368e-007	0.000000e+000	1.373332e+000	1.431965e-002	1.320434e-002
3.611031777083369e-007	0.000000e+000	1.219012e+000	1.415088e-002	1.320450e-002
3.686715370833369e-007	0.000000e+000	1.061507e+000	1.400927e-002	1.320466e-002
3.762398964583370e-007	0.000000e+000	9.008182e-001	1.389482e-002	1.320480e-002
3.838082558333371e-007	0.000000e+000	7.369453e-001	1.380753e-002	1.320493e-002
3.913766152083371e-007	0.000000e+000	5.698882e-001	1.374740e-002	1.320504e-002
3.989449745833372e-007	0.000000e+000	3.996469e-001	1.371442e-002	1.320515e-002
4.014766448809557e-007	0.000000e+000	3.427708e-001	1.369570e-002	1.320518e-002
4.040083151785742e-007	0.000000e+000	2.858227e-001	1.367713e-002	1.320521e-002
4.065399854761928e-007	0.000000e+000	2.288024e-001	1.365871e-002	1.320524e-002
4.090716557738114e-007	0.000000e+000	1.717100e-001	1.364045e-002	1.320527e-002
4.116033260714299e-007	0.000000e+000	1.145454e-001	1.362234e-002	1.320530e-002
4.141349963690484e-007	0.000000e+000	5.730878e-002	1.360438e-002	1.320532e-002
4.166666666666670e-007	0.000000e+000	-6.293944e-015	1.358658e-002	1.320534e-002
4.166667666666670e-007	1.000000e-001	-2.261947e-006	1.358658e-002	1.320534e-002
4.166669666666670e-007	3.000000e-001	-6.785840e-006	1.358841e-002	1.320535e-002
4.166673666666669e-007	7.000000e-001	-1.583363e-005	1.359997e-002	1.320535e-002
4.166676666666670e-007	1.000000e+000	-2.261947e-005	1.361420e-002	1.320536e-002
4.166682266666669e-007	1.000000e+000	-3.528637e-005	1.364565e-002	1.320538e-002
4.168553809523765e-007	1.000000e+000	-4.268639e-003	2.404043e-002	1.321094e-002
4.170425352380860e-007	1.000000e+000	-8.501940e-003	3.422875e-002	1.321646e-002
4.172296895237956e-007	1.000000e+000	-1.273519e-002	4.421060e-002	1.322196e-002
4.174168438095051e-007	1.000000e+000	-1.696839e-002	5.398600e-002	1.322742e-002
4.176039980952147e-007	1.000000e+000	-2.120154e-002	6.355494e-002	1.323284e-002
4.177911523809242e-007	1.000000e+000	-2.543464e-002	7.291741e-002	1.323823e-002
4.179783066666338e-007	1.000000e+000	-2.966769e-002	8.207342e-002	1.324358e-002
4.192890266666005e-007	1.000000e+000	-5.931054e-002	1.422109e-001	1.328034e-002
4.209980110416006e-007	1.000000e+000	-9.795122e-002	2.110089e-001	1.332639e-002
4.227069954166006e-007	1.000000e+000	-1.365761e-001	2.690289e-001	1.337008e-002
4.244159797916006e-007	1.000000e+000	-1.751783e-001	3.162871e-001	1.341106e-002
4.261249641666006e-007	1.000000e+000	-2.137515e-001	3.532736e-001	1.344899e-002
4.278339485416006e-007	1.000000e+000	-2.522891e-001	3.803159e-001	1.348347e-002
4.295429329166006e-007	1.000000e+000	-2.907849e-001	3.977284e-001	1.351410e-002
4.312519172916006e-007	1.000000e+000	-3.292324e-001	4.058827e-001	1.354054e-002
4.329609016666007e-007	1.000000e+000	-3.676252e-001	4.052127e-001	1.356252e-002
4.346698860416007e-007	1.000000e+000	-4.059570e-001	3.962051e-001	1.357979e-002
4.363788704166007e-007	1.000000e+000	-4.442213e-001	3.793882e-001	1.359219e-002
4.380878547916007e-007	1.000000e+000	-4.824120e-001	3.553226e-001	1.359957e-002
4.397968391666007e-007	1.000000e+000	-5.205225e-001	3.245918e-001	1.360186e-002
4.415058235416007e-007	1.000000e+000	-5.585466e-001	2.877959e-001	1.359901e-002
4.432148079166008e-007	1.000000e+000	-5.964780e-001	2.455518e-001	1.359101e-002
4.449237922916008e-007	1.000000e+000	-6.343103e-001	1.985027e-001	1.357793e-002
4.466327766666008e-007	1.000000e+000	-6.720373e-001	1.473266e-001	1.355986e-002
4.483417610416008e-007	1.000000e+000	-7.096528e-001	9.272442e-002	1.353695e-002
4.500507454166008e-007	1.000000e+000	-7.471504e-001	3.538628e-002	1.350941e-002
4.517597297916008e-007	1.000000e+000	-7.845240e-001	-2.404324e-002	1.347744e-002
4.534687141666008e-007	1.000000e+000	-8.217672e-001	-8.498620e-002	1.344124e-002
4.551776985416009e-007	1.000000e+000	-8.588741e-001	-1.469376e-001	1.340100e-002
4.568866829166009e-007	1.000000e+000	-8.958384e-001	-2.094634e-001	1.335691e-002
4.585956672916009e-007	1.000000e+000	-9.326539e-001	-2.721955e-001	1.330916e-002
4.603046516666009e-007	1.000000e+000	-9.693146e-001	-3.348254e-001	1.325788e-002
4.620136360416009e-007	1.000000e+000	-1.005814e+000	-3.970968e-001	1.320325e-002
4.637226204166009e-007	1.000000e+000	-1.042147e+000	-4.587996e-001	1.314538e-002
4.654316047916009e-007	1.000000e+000	-1.078307e+000	-5.197635e-001	1.308442e-002
4.671405891666010e-007	1.000000e+000	-1.114287e+000	-5.798522e-001	1.302048e-002
4.722675422916010e-007	1.000000e+000	-1.221096e+000	-7.539121e-001	1.281183e-002
4.739765266666010e-007	1.000000e+000	-1.256301e+000	-8.096510e-001	1.273700e-002
4.756855110416010e-007	1.000000e+000	-1.291297e+000	-8.641835e-001	1.265967e-002
4.773944954166010e-007	1.000000e+000	-1.326079e+000	-9.174876e-001	1.257992e-002
4.791034797916010e-007	1.000000e+000	-1.360641e+000	-9.695496e-001	1.249784e-002
4.808124641666010e-007	1.000000e+000	-1.394977e+000	-1.020362e+000	1.241349e-002
4.825214485416010e-007	1.000000e+000	-1.429082e+000	-1.069921e+000	1.232696e-002
4.842304329166011e-007	1.000000e+000	-1.462949e+000	-1.118227e+000	1.223831e-002
4.859394172916011e-007	1.000000e+000	-1.496573e+000	-1.165285e+000	1.214761e-002
4.876484016666011e-007	1.000000e+000	-1.529949e+000	-1.211100e+000	1.205492e-002
4.893573860416011e-007	1.000000e+000	-1.563071e+000	-1.255682e+000	1.196033e-002
4.910663704166011e-007	1.000000e+000	-1.595933e+000	-1.299046e+000	1.186387e-002
4.927753547916011e-007	1.000000e+000	-1.628530e+000	-1.341212e+000	1.176563e-002
4.944843391666012e-007	1.000000e+000	-1.660857e+000	-1.382203e+000	1.166564e-002
4.961933235416012e-007	1.000000e+000	-1.692908e+000	-1.422049e+000	1.156397e-002
4.996112922916012e-007	1.000000e+000	-1.756162e+000	-1.498448e+000	1.135573e-002
5.047382454166012e-007	1.000000e+000	-1.848843e+000	-1.605455e+000	1.103171e-002
5.113300422916013e-007	1.000000e+000	-1.964556e+000	-1.727340e+000	1.059461e-002
5.179218391666014e-007	1.000000e+000	-2.074777e+000	-1.843813e+000	1.013754e-002
5.245136360416014e-007	1.000000e+000	-2.179506e+000	-1.954872e+000	9.660500e-003
5.311054329166015e-007	1.000000e+000	-2.278742e+000	-2.060519e+000	9.163498e-003
5.376972297916016e-007	1.000000e+000	-2.372486e+000	-2.160753e+000	8.646529e-003
5.442890266666016e-007	1.000000e+000	-2.460738e+000	-2.255574e+000	8.109594e-003
5.508808235416016e-007	1.000000e+000	-2.543498e+000	-2.344983e+000	7.552693e-003
5.606464485416018e-007	1.000000e+000	-2.654593e+000	-2.478863e+000	6.683382e-003
5.704120735416018e-007	1.000000e+000	-2.750254e+000	-2.598428e+000	5.791978e-003
5.801776985416019e-007	1.000000e+000	-2.830480e+000	-2.703677e+000	4.878478e-003
5.899433235416020e-007	1.000000e+000	-2.895273e+000	-2.794612e+000	3.942884e-003
5.997089485416021e-007	1.000000e+000	-2.944632e+000	-2.871231e+000	2.985196e-003
6.094745735416022e-007	1.000000e+000	-2.978556e+000	-2.933535e+000	2.005413e-003
6.192401985416023e-007	1.000000e+000	-2.997047e+000	-2.981524e+000	1.003536e-003
6.226581672916023e-007	1.000000e+000	-2.999486e+000	-2.993443e+000	6.567806e-004
6.241184245835907e-007	1.000000e+000	-2.999932e+000	-2.997921e+000	5.085840e-004
6.244554233305022e-007	1.000000e+000	-2.999974e+000	-2.998893e+000	4.743815e-004
6.245516683374513e-007	1.000000e+000	-2.999982e+000	-2.999166e+000	4.646134e-004
6.247441583513495e-007	1.000000e+000	-2.999995e+000	-2.999709e+000	4.450774e-004
6.247451583513495e-007	1.000000e+000	-2.999995e+000	-2.999712e+000	4.449759e-004
6.247471583513496e-007	1.000000e+000	-2.999995e+000	-2.999717e+000	4.447729e-004
6.247511583513497e-007	1.000000e+000	-2.999995e+000	-2.999728e+000	4.443669e-004
6.247591583513499e-007	1.000000e+000	-2.999995e+000	-2.999751e+000	4.435550e-004
6.247751583513504e-007	1.000000e+000	-2.999996e+000	-2.999795e+000	4.419312e-004
6.248071583513512e-007	1.000000e+000	-2.999997e+000	-2.999885e+000	4.386835e-004
6.248711583513530e-007	1.000000e+000	-2.999999e+000	-3.000063e+000	4.321880e-004
6.248729999999964e-007	1.000000e+000	-2.999999e+000	-3.000068e+000	4.320011e-004
6.248766832972833e-007	1.000000e+000	-2.999999e+000	-3.000078e+000	4.316273e-004
6.248840498918571e-007	1.000000e+000	-2.999999e+000	-3.000099e+000	4.308797e-004
6.248987830810046e-007	1.000000e+000	-2.999999e+000	-3.000139e+000	4.293844e-004
6.249282494592996e-007	1.000000e+000	-3.000000e+000	-3.000221e+000	4.263938e-004
6.249420672434099e-007	1.000000e+000	-3.000000e+000	-3.000259e+000	4.249915e-004
6.249697028116305e-007	1.000000e+000	-3.000000e+000	-3.000336e+000	4.221867e-004
6.249707028116305e-007	1.000000e+000	-3.000000e+000	-3.000338e+000	4.220853e-004
6.249727028116306e-007	1.000000e+000	-3.000000e+000	-3.000344e+000	4.218823e-004
6.249767028116307e-007	1.000000e+000	-3.000000e+000	-3.000355e+000	4.214763e-004
6.249847028116309e-007	1.000000e+000	-3.000000e+000	-3.000377e+000	4.206644e-004
6.249859999999996e-007	1.000000e+000	-3.000000e+000	-3.000381e+000	4.205327e-004
6.249885943767368e-007	1.000000e+000	-3.000000e+000	-3.000388e+000	4.202694e-004
6.249937831302114e-007	1.000000e+000	-3.000000e+000	-3.000402e+000	4.197428e-004
6.249947831302114e-007	1.000000e+000	-3.000000e+000	-3.000405e+000	4.196413e-004
6.249967831302114e-007	1.000000e+000	-3.000000e+000	-3.000410e+000	4.194384e-004
6.249979999999999e-007	1.000000e+000	-3.000000e+000	-3.000414e+000	4.193149e-004
6.249995662604231e-007	1.000000e+000	-3.000000e+000	-3.000418e+000	4.191559e-004
6.250005662604231e-007	1.000000e+000	-3.000000e+000	-3.000421e+000	4.190544e-004
6.250010000000000e-007	1.000000e+000	-3.000000e+000	-3.000422e+000	4.190104e-004
6.250011000000000e-007	9.000000e-001	-3.000000e+000	-3.000422e+000	4.190003e-004
6.250013000000000e-007	7.000000e-001	-3.000000e+000	-3.000416e+000	4.189836e-004
6.250017000000000e-007	3.000000e-001	-3.000000e+000	-3.000376e+000	4.189646e-004
6.250020000000000e-007	0.000000e+000	-3.000000e+000	-3.000328e+000	4.189603e-004
6.250020800000000e-007	0.000000e+000	-3.000000e+000	-3.000313e+000	4.189603e-004
6.250022400000000e-007	0.000000e+000	-3.000000e+000	-3.000283e+000	4.189603e-004
6.250025600000000e-007	0.000000e+000	-3.000000e+000	-3.000222e+000	4.189603e-004
6.250032000000000e-007	0.000000e+000	-3.000000e+000	-3.000102e+000	4.189603e-004
6.250044800000000e-007	0.000000e+000	-3.000000e+000	-2.999860e+000	4.189602e-004
6.250070400000001e-007	0.000000e+000	-3.000000e+000	-2.999378e+000	4.189601e-004
6.250121600000002e-007	0.000000e+000	-3.000000e+000	-2.998414e+000	4.189600e-004
6.250224000000005e-007	0.000000e+000	-3.000000e+000	-2.996486e+000	4.189597e-004
6.250428800000011e-007	0.000000e+000	-3.000000e+000	-2.992635e+000	4.189590e-004
6.250838400000022e-007	0.000000e+000	-2.999999e+000	-2.984951e+000	4.189578e-004
6.251657600000045e-007	0.000000e+000	-2.999997e+000	-2.969659e+000	4.189553e-004
6.253296000000090e-007	0.000000e+000	-2.999988e+000	-2.939365e+000	4.189503e-004
6.256572800000180e-007	0.000000e+000	-2.999954e+000	-2.879926e+000	4.189403e-004
6.263126400000362e-007	0.000000e+000	-2.999816e+000	-2.765466e+000	4.189202e-004
6.276233600000724e-007	0.000000e+000	-2.999318e+000	-2.550214e+000	4.188798e-004
6.293323443750724e-007	0.000000e+000	-2.998275e+000	-2.291984e+000	4.188265e-004
6.310413287500724e-007	0.000000e+000	-2.996764e+000	-2.058465e+000	4.187727e-004
6.327503131250724e-007	0.000000e+000	-2.994755e+000	-1.848746e+000	4.187181e-004
6.344592975000725e-007	0.000000e+000	-2.992249e+000	-1.660399e+000	4.186629e-004
6.361682818750725e-007	0.000000e+000	-2.989246e+000	-1.491248e+000	4.186071e-004
6.378772662500725e-007	0.000000e+000	-2.985747e+000	-1.339335e+000	4.185508e-004
6.395862506250725e-007	0.000000e+000	-2.981752e+000	-1.202905e+000	4.184940e-004
6.412952350000725e-007	0.000000e+000	-2.977262e+000	-1.080379e+000	4.184369e-004
6.430042193750725e-007	0.000000e+000	-2.972278e+000	-9.703394e-001	4.183793e-004
6.447132037500725e-007	0.000000e+000	-2.966800e+000	-8.715146e-001	4.183215e-004
6.464221881250726e-007	0.000000e+000	-2.960829e+000	-7.827615e-001	4.182633e-004
6.481311725000726e-007	0.000000e+000	-2.954367e+000	-7.030534e-001	4.182049e-004
6.498401568750726e-007	0.000000e+000	-2.947415e+000	-6.314687e-001	4.181463e-004
6.515491412500726e-007	0.000000e+000	-2.939973e+000	-5.671794e-001	4.180875e-004
6.532581256250726e-007	0.000000e+000	-2.932043e+000	-5.094420e-001	4.180286e-004
6.549671100000726e-007	0.000000e+000	-2.923626e+000	-4.575887e-001	4.179695e-004
6.566760943750726e-007	0.000000e+000	-2.914724e+000	-4.110199e-001	4.179103e-004
6.583850787500727e-007	0.000000e+000	-2.905338e+000	-3.691969e-001	4.178511e-004
6.600940631250727e-007	0.000000e+000	-2.895469e+000	-3.316362e-001	4.177918e-004
6.618030475000727e-007	0.000000e+000	-2.885120e+000	-2.979032e-001	4.177325e-004
6.635120318750727e-007	0.000000e+000	-2.874291e+000	-2.676080e-001	4.176731e-004
6.652210162500727e-007	0.000000e+000	-2.862986e+000	-2.404001e-001	4.176138e-004
6.669300006250727e-007	0.000000e+000	-2.851205e+000	-2.159648e-001	4.175545e-004
6.686389850000728e-007	0.000000e+000	-2.838951e+000	-1.940197e-001	4.174953e-004
6.703479693750728e-007	0.000000e+000	-2.826225e+000	-1.743108e-001	4.174361e-004
6.720569537500728e-007	0.000000e+000	-2.813030e+000	-1.566103e-001	4.173770e-004
6.737659381250728e-007	0.000000e+000	-2.799368e+000	-1.407134e-001	4.173180e-004
6.754749225000728e-007	0.000000e+000	-2.785241e+000	-1.264364e-001	4.172591e-004
6.771839068750728e-007	0.000000e+000	-2.770652e+000	-1.136141e-001	4.172003e-004
6.788928912500728e-007	0.000000e+000	-2.755603e+000	-1.020983e-001	4.171417e-004
6.806018756250729e-007	0.000000e+000	-2.740096e+000	-9.175581e-002	4.170832e-004
6.823108600000729e-007	0.000000e+000	-2.724135e+000	-8.246700e-002	4.170248e-004
6.840198443750729e-007	0.000000e+000	-2.707721e+000	-7.412451e-002	4.169666e-004
6.857288287500729e-007	0.000000e+000	-2.690857e+000	-6.663187e-002	4.169086e-004
6.874378131250729e-007	0.000000e+000	-2.673547e+000	-5.990245e-002	4.168508e-004
6.891467975000729e-007	0.000000e+000	-2.655793e+000	-5.385846e-002	4.167932e-004
6.908557818750729e-007	0.000000e+000	-2.637598e+000	-4.843003e-002	4.167359e-004
6.925647662500730e-007	0.000000e+000	-2.618964e+000	-4.355440e-002	4.166787e-004
6.942737506250730e-007	0.000000e+000	-2.599897e+000	-3.917523e-002	4.166218e-004
6.959827350000730e-007	0.000000e+000	-2.580397e+000	-3.524191e-002	4.165651e-004
6.976917193750730e-007	0.000000e+000	-2.560469e+000	-3.170898e-002	4.165086e-004
6.994007037500730e-007	0.000000e+000	-2.540116e+000	-2.853562e-002	4.164524e-004
7.011096881250730e-007	0.000000e+000	-2.519341e+000	-2.568518e-002	4.163965e-004
7.028186725000731e-007	0.000000e+000	-2.498148e+000	-2.312472e-002	4.163409e-004
7.045276568750731e-007	0.000000e+000	-2.476540e+000	-2.082469e-002	4.162856e-004
7.062366412500731e-007	0.000000e+000	-2.454521e+000	-1.875853e-002	4.162305e-004
7.079456256250731e-007	0.000000e+000	-2.432095e+000	-1.690239e-002	4.161758e-004
7.096546100000731e-007	0.000000e+000	-2.409264e+000	-1.523484e-002	4.161214e-004
7.113635943750731e-007	0.000000e+000	-2.386034e+000	-1.373667e-002	4.160673e-004
7.130725787500731e-007	0.000000e+000	-2.362407e+000	-1.239059e-002	4.160135e-004
7.147815631250732e-007	0.000000e+000	-2.338388e+000	-1.118109e-002	4.159601e-004
7.164905475000732e-007	0.000000e+000	-2.313981e+000	-1.009423e-002	4.159070e-004
7.181995318750732e-007	0.000000e+000	-2.289190e+000	-9.117511e-003	4.158542e-004
7.199085162500732e-007	0.000000e+000	-2.264018e+000	-8.239686e-003	4.158019e-004
7.216175006250732e-007	0.000000e+000	-2.238471e+000	-7.450668e-003	4.157498e-004
7.233264850000732e-007	0.000000e+000	-2.212552e+000	-6.741391e-003	4.156982e-004
7.250354693750732e-007	0.000000e+000	-2.186266e+000	-6.103717e-003	4.156470e-004
7.267444537500733e-007	0.000000e+000	-2.159616e+000	-5.530335e-003	4.155961e-004
7.284534381250733e-007	0.000000e+000	-2.132609e+000	-5.014681e-003	4.155456e-004
7.301624225000733e-007	0.000000e+000	-2.105247e+000	-4.550860e-003	4.154956e-004
7.318714068750733e-007	0.000000e+000	-2.077535e+000	-4.133577e-003	4.154459e-004
7.352893756250733e-007	0.000000e+000	-2.021082e+000	-3.420088e-003	4.153479e-004
7.387073443750734e-007	0.000000e+000	-1.963287e+000	-2.841701e-003	4.152515e-004
7.421253131250734e-007	0.000000e+000	-1.904188e+000	-2.372194e-003	4.151570e-004
7.455432818750734e-007	0.000000e+000	-1.843824e+000	-1.990418e-003	4.150643e-004
7.489612506250735e-007	0.000000e+000	-1.782236e+000	-1.679320e-003	4.149734e-004
7.540882037500735e-007	0.000000e+000	-1.687648e+000	-1.315848e-003	4.148408e-004
7.592151568750736e-007	0.000000e+000	-1.590538e+000	-1.045346e-003	4.147126e-004
7.628772662500736e-007	0.000000e+000	-1.519569e+000	-9.046271e-004	4.146238e-004
7.665393756250736e-007	0.000000e+000	-1.447582e+000	-7.798074e-004	4.145375e-004
7.702014850000736e-007	0.000000e+000	-1.374576e+000	-6.708864e-004	4.144538e-004
7.738635943750737e-007	0.000000e+000	-1.300551e+000	-5.778642e-004	4.143726e-004
7.775257037500738e-007	0.000000e+000	-1.225507e+000	-5.007407e-004	4.142940e-004
7.811878131250737e-007	0.000000e+000	-1.149444e+000	-4.395160e-004	4.142179e-004
7.848499225000738e-007	0.000000e+000	-1.072362e+000	-3.941900e-004	4.141443e-004
7.907092975000738e-007	0.000000e+000	-9.469541e-001	-3.269869e-004	4.140321e-004
7.965686725000738e-007	0.000000e+000	-8.203230e-001	-2.646116e-004	4.139273e-004
8.024280475000740e-007	0.000000e+000	-6.924688e-001	-2.070642e-004	4.138300e-004
8.082874225000740e-007	0.000000e+000	-5.633915e-001	-1.543447e-004	4.137401e-004
8.141467975000741e-007	0.000000e+000	-4.330911e-001	-1.064530e-004	4.136576e-004
8.200061725000741e-007	0.000000e+000	-3.015676e-001	-6.338924e-005	4.135825e-004
8.258655475000741e-007	0.000000e+000	-1.688211e-001	-2.515334e-005	4.135148e-004
8.325870908342168e-007	0.000000e+000	-1.687951e-002	2.257235e-005	4.134470e-004
8.328767566699042e-007	0.000000e+000	-1.032750e-002	2.461717e-005	4.134444e-004
8.328827566699044e-007	0.000000e+000	-1.019178e-002	2.465952e-005	4.134443e-004
8.329067566699051e-007	0.000000e+000	-9.648920e-003	2.482891e-005	4.134441e-004
8.330027566699077e-007	0.000000e+000	-7.477459e-003	2.550640e-005	4.134432e-004
8.331317566699113e-007	0.000000e+000	-4.559555e-003	2.641672e-005	4.134420e-004
8.331377566699114e-007	0.000000e+000	-4.423838e-003	2.645906e-005	4.134420e-004
8.332587566699148e-007	0.000000e+000	-1.686884e-003	2.731281e-005	4.134409e-004
8.332607566699148e-007	0.000000e+000	-1.641645e-003	2.732692e-005	4.134408e-004
8.332727566699152e-007	0.000000e+000	-1.370212e-003	2.741158e-005	4.134407e-004
8.333081800064990e-007	0.000000e+000	-5.689549e-004	2.766150e-005	4.134404e-004
8.333206399870021e-007	0.000000e+000	-2.871167e-004	2.774941e-005	4.134403e-004
8.333276399870023e-007	0.000000e+000	-1.287805e-004	2.779879e-005	4.134402e-004
8.333306399870024e-007	0.000000e+000	-6.092206e-005	2.781996e-005	4.134402e-004
8.333316399870024e-007	0.000000e+000	-3.830259e-005	2.782701e-005	4.134402e-004
8.333326399870024e-007	0.000000e+000	-1.568312e-005	2.783407e-005	4.134402e-004
8.333333333333340e-007	0.000000e+000	1.258789e-014	2.783896e-005	4.134402e-004
8.333334333333340e-007	1.000000e-001	2.261947e-006	2.783748e-005	4.134402e-004
8.333336333333340e-007	3.000000e-001	6.785840e-006	2.779604e-005	4.134402e-004
8.333337458693658e-007	4.125360e-001	9.331346e-006	2.747962e-005	4.134400e-004
8.333338498882992e-007	5.165550e-001	1.168420e-005	2.601747e-005	4.134392e-004
8.333339657435987e-007	6.324103e-001	1.430478e-005	2.214048e-005	4.134372e-004
8.333340798378891e-007	7.465045e-001	1.688553e-005	1.648981e-005	4.134342e-004
8.333341601583438e-007	8.268250e-001	1.870234e-005	1.199648e-005	4.134318e-004
8.333343333333340e-007	1.000000e+000	2.261947e-005	2.128260e-006	4.134265e-004
8.333443244797192e-007	1.000000e+000	2.486139e-004	-5.674842e-004	4.131241e-004
8.333543156261045e-007	1.000000e+000	4.746083e-004	-1.136470e-003	4.128217e-004
8.333643067724898e-007	1.000000e+000	7.006027e-004	-1.704829e-003	4.125195e-004
8.333742979188751e-007	1.000000e+000	9.265970e-004	-2.272561e-003	4.122173e-004
8.333842890652603e-007	1.000000e+000	1.152591e-003	-2.839667e-003	4.119153e-004
8.333942802116456e-007	1.000000e+000	1.378586e-003	-3.406146e-003	4.116133e-004
8.334042713580308e-007	1.000000e+000	1.604580e-003	-3.971998e-003	4.113114e-004
8.334742264616105e-007	1.000000e+000	3.186926e-003	-7.916482e-003	4.092006e-004
8.336141366687696e-007	1.000000e+000	6.351613e-003	-1.571441e-002	4.049930e-004
8.338939570830879e-007	1.000000e+000	1.268094e-002	-3.095165e-002	3.966351e-004
8.344535979117245e-007	1.000000e+000	2.533922e-002	-6.003429e-002	3.801491e-004
8.355728795689977e-007	1.000000e+000	5.065344e-002	-1.135552e-001	3.479919e-004
8.372818639439978e-007	1.000000e+000	8.929676e-002	-1.859492e-001	3.006561e-004
8.389908483189978e-007	1.000000e+000	1.279259e-001	-2.476376e-001	2.555635e-004
8.406998326939978e-007	1.000000e+000	1.665337e-001	-2.983408e-001	2.131000e-004
8.424088170689978e-007	1.000000e+000	2.051139e-001	-3.386356e-001	1.735687e-004
8.441178014439978e-007	1.000000e+000	2.436601e-001	-3.688852e-001	1.373594e-004
8.458267858189978e-007	1.000000e+000	2.821658e-001	-3.893959e-001	1.048728e-004
8.475357701939979e-007	1.000000e+000	3.206246e-001	-4.005178e-001	7.646791e-005
8.492447545689979e-007	1.000000e+000	3.590302e-001	-4.026659e-001	5.244729e-005
8.509537389439979e-007	1.000000e+000	3.973762e-001	-3.963110e-001	3.305864e-005
8.526627233189979e-007	1.000000e+000	4.356563e-001	-3.819696e-001	1.849751e-005
8.543717076939979e-007	1.000000e+000	4.738640e-001	-3.601928e-001	8.910390e-006
8.560806920689979e-007	1.000000e+000	5.119930e-001	-3.315580e-001	4.397880e-006
8.577896764439979e-007	1.000000e+000	5.500370e-001	-2.966605e-001	5.017524e-006
8.594986608189980e-007	1.000000e+000	5.879897e-001	-2.561116e-001	1.078415e-005
8.612076451939980e-007	1.000000e+000	6.258448e-001	-2.105448e-001	2.166519e-005
8.629166295689980e-007	1.000000e+000	6.635959e-001	-1.606272e-001	3.757337e-005
8.646256139439980e-007	1.000000e+000	7.012369e-001	-1.070552e-001	5.836699e-005
8.663345983189980e-007	1.000000e+000	7.387614e-001	-5.052675e-002	8.386376e-005
8.680435826939980e-007	1.000000e+000	7.761633e-001	8.295524e-003	1.138614e-004
8.697525670689980e-007	1.000000e+000	8.134363e-001	6.881067e-002	1.481545e-004
8.714615514439981e-007	1.000000e+000	8.505743e-001	1.304898e-001	1.865435e-004
8.731705358189981e-007	1.000000e+000	8.875710e-001	1.928762e-001	2.288392e-004
8.748795201939981e-007	1.000000e+000	9.244204e-001	2.555809e-001	2.748643e-004
8.765885045689981e-007	1.000000e+000	9.611163e-001	3.182766e-001	3.244537e-004
8.782974889439981e-007	1.000000e+000	9.976526e-001	3.806908e-001	3.774544e-004
8.800064733189981e-007	1.000000e+000	1.034023e+000	4.425991e-001	4.337248e-004
8.817154576939982e-007	1.000000e+000	1.070222e+000	5.038189e-001	4.931336e-004
8.834244420689982e-007	1.000000e+000	1.106244e+000	5.642033e-001	5.555596e-004
8.868424108189982e-007	1.000000e+000	1.177729e+000	6.820273e-001	6.890197e-004
8.902603795689982e-007	1.000000e+000	1.248433e+000	7.954265e-001	8.332919e-004
8.919693639439982e-007	1.000000e+000	1.283476e+000	8.503469e-001	9.092556e-004
8.936783483189983e-007	1.000000e+000	1.318307e+000	9.040441e-001	9.876598e-004
8.953873326939983e-007	1.000000e+000	1.352919e+000	9.565017e-001	1.068425e-003
8.970963170689983e-007	1.000000e+000	1.387306e+000	1.007710e+000	1.151477e-003
8.988053014439983e-007	1.000000e+000	1.421463e+000	1.057665e+000	1.236739e-003
9.005142858189983e-007	1.000000e+000	1.455384e+000	1.106366e+000	1.324142e-003
9.022232701939983e-007	1.000000e+000	1.489063e+000	1.153814e+000	1.413613e-003
9.039322545689984e-007	1.000000e+000	1.522495e+000	1.200016e+000	1.505086e-003
9.056412389439984e-007	1.000000e+000	1.555674e+000	1.244980e+000	1.598494e-003
9.073502233189984e-007	1.000000e+000	1.588595e+000	1.288720e+000	1.693773e-003
9.090592076939984e-007	1.000000e+000	1.621252e+000	1.331253e+000	1.790863e-003
9.107681920689984e-007	1.000000e+000	1.653640e+000	1.372601e+000	1.889709e-003
9.124771764439984e-007	1.000000e+000	1.685753e+000	1.412793e+000	1.990259e-003
9.141861608189984e-007	1.000000e+000	1.717587e+000	1.451861e+000	2.092463e-003
9.176041295689985e-007	1.000000e+000	1.780393e+000	1.526781e+000	2.301673e-003
9.210220983189985e-007	1.000000e+000	1.842113e+000	1.596731e+000	2.517320e-003
9.244400670689985e-007	1.000000e+000	1.902513e+000	1.664073e+000	2.738597e-003
9.278580358189986e-007	1.000000e+000	1.961592e+000	1.728804e+000	2.965503e-003
9.312760045689986e-007	1.000000e+000	2.019350e+000	1.790927e+000	3.198040e-003
9.346939733189986e-007	1.000000e+000	2.075786e+000	1.850440e+000	3.436207e-003
9.381119420689987e-007	1.000000e+000	2.130902e+000	1.907343e+000	3.680003e-003
9.415299108189987e-007	1.000000e+000	2.184697e+000	1.961637e+000	3.929430e-003
9.500748326939988e-007	1.000000e+000	2.313582e+000	2.095304e+000	4.581538e-003
9.586197545689987e-007	1.000000e+000	2.431772e+000	2.221846e+000	5.261863e-003
9.671646764439988e-007	1.000000e+000	2.539267e+000	2.341263e+000	5.970405e-003
9.757095983189989e-007	1.000000e+000	2.636068e+000	2.453556e+000	6.707163e-003
9.842545201939990e-007	1.000000e+000	2.722174e+000	2.558724e+000	7.472137e-003
9.927994420689990e-007	1.000000e+000	2.797585e+000	2.656768e+000	8.265328e-003
1.001344363943999e-006	1.000000e+000	2.862301e+000	2.747687e+000	9.086736e-003
1.006471317068999e-006	1.000000e+000	2.894949e+000	2.795344e+000	9.586036e-003
1.011598270193999e-006	1.000000e+000	2.923186e+000	2.838480e+000	1.008869e-002
1.016725223318999e-006	1.000000e+000	2.947011e+000	2.877097e+000	1.059469e-002
1.021852176443999e-006	1.000000e+000	2.966426e+000	2.911193e+000	1.110404e-002
1.026979129568999e-006	1.000000e+000	2.981428e+000	2.940769e+000	1.161675e-002
1.032106082693999e-006	1.000000e+000	2.992020e+000	2.965824e+000	1.213281e-002
1.037233035818999e-006	1.000000e+000	2.998199e+000	2.986360e+000	1.265221e-002
1.038942020193999e-006	1.000000e+000	2.999293e+000	2.992191e+000	1.282484e-002
1.039958682291667e-006	1.000000e+000	2.999751e+000	2.995461e+000	1.292755e-002
1.039959682291667e-006	1.000000e+000	2.999752e+000	2.995465e+000	1.292765e-002
1.039961682291667e-006	1.000000e+000	2.999752e+000	2.995471e+000	1.292785e-002
1.039965682291667e-006	1.000000e+000	2.999753e+000	2.995483e+000	1.292826e-002
1.039973682291667e-006	1.000000e+000	2.999756e+000	2.995507e+000	1.292907e-002
1.039989682291668e-006	1.000000e+000	2.999760e+000	2.995556e+000	1.293068e-002
1.040021682291669e-006	1.000000e+000	2.999769e+000	2.995654e+000	1.293392e-002
1.040085682291670e-006	1.000000e+000	2.999786e+000	2.995848e+000	1.294038e-002
1.040213682291674e-006	1.000000e+000	2.999819e+000	2.996233e+000	1.295332e-002
1.040469682291681e-006	1.000000e+000	2.999872e+000	2.996994e+000	1.297918e-002
1.040981682291695e-006	1.000000e+000	2.999960e+000	2.998494e+000	1.303092e-002
1.040982682291695e-006	1.000000e+000	2.999960e+000	2.998497e+000	1.303102e-002
1.040984682291695e-006	1.000000e+000	2.999960e+000	2.998502e+000	1.303122e-002
1.040988682291695e-006	1.000000e+000	2.999961e+000	2.998514e+000	1.303162e-002
1.040996682291696e-006	1.000000e+000	2.999962e+000	2.998537e+000	1.303243e-002
1.041012682291696e-006	1.000000e+000	2.999964e+000	2.998583e+000	1.303405e-002
1.041044682291697e-006	1.000000e+000	2.999967e+000	2.998674e+000	1.303728e-002
1.041108682291699e-006	1.000000e+000	2.999973e+000	2.998857e+000	1.304375e-002
1.041236682291702e-006	1.000000e+000	2.999983e+000	2.999220e+000	1.305668e-002
1.041411666666660e-006	1.000000e+000	2.999995e+000	2.999714e+000	1.307436e-002
1.041412666666660e-006	1.000000e+000	2.999995e+000	2.999717e+000	1.307446e-002
1.041414666666660e-006	1.000000e+000	2.999995e+000	2.999722e+000	1.307466e-002
1.041418666666660e-006	1.000000e+000	2.999995e+000	2.999733e+000	1.307507e-002
1.041426666666660e-006	1.000000e+000	2.999995e+000	2.999756e+000	1.307588e-002
1.041442666666661e-006	1.000000e+000	2.999996e+000	2.999800e+000	1.307749e-002
1.041474666666662e-006	1.000000e+000	2.999997e+000	2.999890e+000	1.308073e-002
1.041538666666663e-006	1.000000e+000	2.999999e+000	3.000068e+000	1.308719e-002
1.041539666666663e-006	1.000000e+000	2.999999e+000	3.000071e+000	1.308729e-002
1.041541666666664e-006	1.000000e+000	2.999999e+000	3.000076e+000	1.308750e-002
1.041545666666664e-006	1.000000e+000	2.999999e+000	3.000087e+000	1.308790e-002
1.041553666666664e-006	1.000000e+000	2.999999e+000	3.000109e+000	1.308871e-002
1.041569666666664e-006	1.000000e+000	2.999999e+000	3.000154e+000	1.309033e-002
1.041601666666665e-006	1.000000e+000	3.000000e+000	3.000242e+000	1.309356e-002
1.041603666666665e-006	1.000000e+000	3.000000e+000	3.000248e+000	1.309376e-002
1.041607666666665e-006	1.000000e+000	3.000000e+000	3.000259e+000	1.309417e-002
1.041615666666666e-006	1.000000e+000	3.000000e+000	3.000281e+000	1.309497e-002
1.041631666666666e-006	1.000000e+000	3.000000e+000	3.000325e+000	1.309659e-002
1.041635666666666e-006	1.000000e+000	3.000000e+000	3.000336e+000	1.309699e-002
1.041643666666666e-006	1.000000e+000	3.000000e+000	3.000359e+000	1.309780e-002
1.041651666666667e-006	1.000000e+000	3.000000e+000	3.000381e+000	1.309861e-002
1.041652666666667e-006	1.000000e+000	3.000000e+000	3.000383e+000	1.309871e-002
1.041654666666667e-006	1.000000e+000	3.000000e+000	3.000389e+000	1.309891e-002
1.041658666666667e-006	1.000000e+000	3.000000e+000	3.000400e+000	1.309932e-002
1.041659666666667e-006	1.000000e+000	3.000000e+000	3.000403e+000	1.309942e-002
1.041661666666667e-006	1.000000e+000	3.000000e+000	3.000408e+000	1.309962e-002
1.041663666666667e-006	1.000000e+000	3.000000e+000	3.000414e+000	1.309982e-002
1.041664666666667e-006	1.000000e+000	3.000000e+000	3.000417e+000	1.309992e-002
1.041665666666667e-006	1.000000e+000	3.000000e+000	3.000419e+000	1.310003e-002
1.041666666666667e-006	1.000000e+000	3.000000e+000	3.000422e+000	1.310013e-002
1.041667666666667e-006	1.000000e+000	3.000000e+000	3.000425e+000	1.310023e-002
1.041667766666667e-006	9.000000e-001	3.000000e+000	3.000425e+000	1.310024e-002
1.041667966666667e-006	7.000000e-001	3.000000e+000	3.000419e+000	1.310025e-002
1.041668366666667e-006	3.000000e-001	3.000000e+000	3.000379e+000	1.310027e-002
1.041668666666667e-006	0.000000e+000	3.000000e+000	3.000331e+000	1.310028e-002
1.041668746666667e-006	0.000000e+000	3.000000e+000	3.000316e+000	1.310028e-002
1.041668906666667e-006	0.000000e+000	3.000000e+000	3.000286e+000	1.310028e-002
1.041669226666667e-006	0.000000e+000	3.000000e+000	3.000226e+000	1.310028e-002
1.041669866666667e-006	0.000000e+000	3.000000e+000	3.000106e+000	1.310028e-002
1.041671146666667e-006	0.000000e+000	3.000000e+000	2.999866e+000	1.310028e-002
1.041673706666667e-006	0.000000e+000	3.000000e+000	2.999386e+000	1.310028e-002
1.041678826666667e-006	0.000000e+000	3.000000e+000	2.998425e+000	1.310028e-002
1.041689066666668e-006	0.000000e+000	3.000000e+000	2.996506e+000	1.310028e-002
1.041709546666668e-006	0.000000e+000	3.000000e+000	2.992672e+000	1.310028e-002
1.041750506666669e-006	0.000000e+000	2.999999e+000	2.985024e+000	1.310028e-002
1.041832426666672e-006	0.000000e+000	2.999997e+000	2.969800e+000	1.310028e-002
1.041996266666676e-006	0.000000e+000	2.999988e+000	2.939643e+000	1.310029e-002
1.042323946666685e-006	0.000000e+000	2.999954e+000	2.880471e+000	1.310030e-002
1.042979306666703e-006	0.000000e+000	2.999816e+000	2.766528e+000	1.310032e-002
1.044290026666739e-006	0.000000e+000	2.999318e+000	2.552244e+000	1.310036e-002
1.045999011041739e-006	0.000000e+000	2.998275e+000	2.295177e+000	1.310041e-002
1.047707995416739e-006	0.000000e+000	2.996764e+000	2.062711e+000	1.310046e-002
1.049416979791739e-006	0.000000e+000	2.994755e+000	1.853936e+000	1.310052e-002
1.051125964166739e-006	0.000000e+000	2.992249e+000	1.666438e+000	1.310057e-002
1.052834948541739e-006	0.000000e+000	2.989246e+000	1.498048e+000	1.310063e-002
1.054543932916740e-006	0.000000e+000	2.985747e+000	1.346820e+000	1.310068e-002
1.056252917291740e-006	0.000000e+000	2.981752e+000	1.211004e+000	1.310074e-002
1.057961901666740e-006	0.000000e+000	2.977262e+000	1.089030e+000	1.310080e-002
1.059670886041740e-006	0.000000e+000	2.972278e+000	9.794862e-001	1.310086e-002
1.061379870416740e-006	0.000000e+000	2.966800e+000	8.811066e-001	1.310091e-002
1.063088854791740e-006	0.000000e+000	2.960829e+000	7.927532e-001	1.310097e-002
1.064797839166740e-006	0.000000e+000	2.954367e+000	7.134042e-001	1.310103e-002
1.066506823541740e-006	0.000000e+000	2.947415e+000	6.421419e-001	1.310109e-002
1.068215807916740e-006	0.000000e+000	2.939973e+000	5.781422e-001	1.310115e-002
1.069924792291740e-006	0.000000e+000	2.932043e+000	5.206649e-001	1.310121e-002
1.071633776666740e-006	0.000000e+000	2.923626e+000	4.690452e-001	1.310126e-002
1.073342761041740e-006	0.000000e+000	2.914724e+000	4.226862e-001	1.310132e-002
1.075051745416740e-006	0.000000e+000	2.905338e+000	3.810516e-001	1.310138e-002
1.076760729791740e-006	0.000000e+000	2.895469e+000	3.436601e-001	1.310144e-002
1.078469714166740e-006	0.000000e+000	2.885120e+000	3.100791e-001	1.310150e-002
1.080178698541740e-006	0.000000e+000	2.874291e+000	2.799203e-001	1.310156e-002
1.081887682916740e-006	0.000000e+000	2.862986e+000	2.528350e-001	1.310162e-002
1.083596667291740e-006	0.000000e+000	2.851205e+000	2.285098e-001	1.310168e-002
1.085305651666740e-006	0.000000e+000	2.838951e+000	2.066635e-001	1.310174e-002
1.087014636041740e-006	0.000000e+000	2.826225e+000	1.870434e-001	1.310180e-002
1.088723620416740e-006	0.000000e+000	2.813030e+000	1.694226e-001	1.310185e-002
1.090432604791740e-006	0.000000e+000	2.799368e+000	1.535974e-001	1.310191e-002
1.092141589166740e-006	0.000000e+000	2.785241e+000	1.393847e-001	1.310197e-002
1.093850573541740e-006	0.000000e+000	2.770652e+000	1.266201e-001	1.310203e-002
1.095559557916740e-006	0.000000e+000	2.755603e+000	1.151562e-001	1.310209e-002
1.097268542291740e-006	0.000000e+000	2.740096e+000	1.048603e-001	1.310215e-002
1.098977526666740e-006	0.000000e+000	2.724135e+000	9.561330e-002	1.310221e-002
1.100686511041740e-006	0.000000e+000	2.707721e+000	8.730838e-002	1.310226e-002
1.102395495416740e-006	0.000000e+000	2.690857e+000	7.984949e-002	1.310232e-002
1.104104479791740e-006	0.000000e+000	2.673547e+000	7.315037e-002	1.310238e-002
1.105813464166740e-006	0.000000e+000	2.655793e+000	6.713361e-002	1.310244e-002
1.107522448541740e-006	0.000000e+000	2.637598e+000	6.172961e-002	1.310249e-002
1.109231432916740e-006	0.000000e+000	2.618964e+000	5.687594e-002	1.310255e-002
1.110940417291740e-006	0.000000e+000	2.599897e+000	5.251648e-002	1.310261e-002
1.112649401666740e-006	0.000000e+000	2.580397e+000	4.860087e-002	1.310266e-002
1.114358386041740e-006	0.000000e+000	2.560469e+000	4.508384e-002	1.310272e-002
1.116067370416740e-006	0.000000e+000	2.540116e+000	4.192476e-002	1.310278e-002
1.117776354791740e-006	0.000000e+000	2.519341e+000	3.908715e-002	1.310283e-002
1.119485339166740e-006	0.000000e+000	2.498148e+000	3.653821e-002	1.310289e-002
1.121194323541740e-006	0.000000e+000	2.476540e+000	3.424853e-002	1.310294e-002
1.122903307916740e-006	0.000000e+000	2.454521e+000	3.219165e-002	1.310300e-002
1.124612292291740e-006	0.000000e+000	2.432095e+000	3.034385e-002	1.310305e-002
1.126321276666740e-006	0.000000e+000	2.409264e+000	2.868380e-002	1.310311e-002
1.129739245416740e-006	0.000000e+000	2.362407e+000	2.585232e-002	1.310321e-002
1.133157214166740e-006	0.000000e+000	2.313981e+000	2.356627e-002	1.310332e-002
1.136575182916740e-006	0.000000e+000	2.264018e+000	2.172003e-002	1.310342e-002
1.139993151666740e-006	0.000000e+000	2.212552e+000	2.022844e-002	1.310353e-002
1.143411120416740e-006	0.000000e+000	2.159616e+000	1.902279e-002	1.310363e-002
1.148538073541740e-006	0.000000e+000	2.077535e+000	1.763224e-002	1.310378e-002
1.153665026666740e-006	0.000000e+000	1.992350e+000	1.661894e-002	1.310392e-002
1.157327136041740e-006	0.000000e+000	1.929547e+000	1.610836e-002	1.310402e-002
1.160989245416741e-006	0.000000e+000	1.865398e+000	1.566308e-002	1.310412e-002
1.164651354791741e-006	0.000000e+000	1.799904e+000	1.528310e-002	1.310422e-002
1.168313464166740e-006	0.000000e+000	1.733063e+000	1.496843e-002	1.310432e-002
1.171975573541740e-006	0.000000e+000	1.664877e+000	1.471905e-002	1.310441e-002
1.175637682916741e-006	0.000000e+000	1.595346e+000	1.453497e-002	1.310450e-002
1.179299792291741e-006	0.000000e+000	1.524468e+000	1.441619e-002	1.310459e-002
1.184182604791741e-006	0.000000e+000	1.427997e+000	1.427032e-002	1.310470e-002
1.189065417291741e-006	0.000000e+000	1.329929e+000	1.414240e-002	1.310481e-002
1.193948229791741e-006	0.000000e+000	1.230265e+000	1.403242e-002	1.310492e-002
1.198831042291741e-006	0.000000e+000	1.129004e+000	1.394040e-002	1.310502e-002
1.203713854791741e-006	0.000000e+000	1.026146e+000	1.386632e-002	1.310511e-002
1.208596667291741e-006	0.000000e+000	9.216921e-001	1.381019e-002	1.310520e-002
1.213479479791741e-006	0.000000e+000	8.156412e-001	1.377201e-002	1.310529e-002
1.215188464166741e-006	0.000000e+000	7.783760e-001	1.375572e-002	1.310532e-002
1.219917400089350e-006	0.000000e+000	6.742691e-001	1.371484e-002	1.310540e-002
1.224646336011958e-006	0.000000e+000	5.696397e-001	1.367537e-002	1.310547e-002
1.229375271934567e-006	0.000000e+000	4.644878e-001	1.363730e-002	1.310554e-002
1.234104207857175e-006	0.000000e+000	3.588133e-001	1.360064e-002	1.310560e-002
1.238833143779784e-006	0.000000e+000	2.526164e-001	1.356539e-002	1.310565e-002
1.243562079702392e-006	0.000000e+000	1.458970e-001	1.353154e-002	1.310571e-002
1.248291015625001e-006	0.000000e+000	3.865509e-002	1.349911e-002	1.310575e-002
1.249545423336571e-006	0.000000e+000	1.028226e-002	1.349024e-002	1.310576e-002
1.249549423336571e-006	0.000000e+000	1.019178e-002	1.349022e-002	1.310576e-002
1.249557423336572e-006	0.000000e+000	1.001083e-002	1.349016e-002	1.310576e-002
1.249573423336572e-006	0.000000e+000	9.648920e-003	1.349005e-002	1.310576e-002
1.249669423336575e-006	0.000000e+000	7.477459e-003	1.348937e-002	1.310577e-002
1.249798423336578e-006	0.000000e+000	4.559555e-003	1.348846e-002	1.310577e-002
1.249804423336578e-006	0.000000e+000	4.423838e-003	1.348842e-002	1.310577e-002
1.249828423336579e-006	0.000000e+000	3.880972e-003	1.348825e-002	1.310577e-002
1.249927423336582e-006	0.000000e+000	1.641645e-003	1.348755e-002	1.310577e-002
1.249935978096166e-006	0.000000e+000	1.448141e-003	1.348749e-002	1.310577e-002
1.249944532855750e-006	0.000000e+000	1.254637e-003	1.348743e-002	1.310577e-002
1.249953087615334e-006	0.000000e+000	1.061133e-003	1.348737e-002	1.310577e-002
1.249961642374917e-006	0.000000e+000	8.676290e-004	1.348731e-002	1.310577e-002
1.249970197134501e-006	0.000000e+000	6.741250e-004	1.348725e-002	1.310577e-002
1.249978751894085e-006	0.000000e+000	4.806209e-004	1.348719e-002	1.310577e-002
1.249987306653669e-006	0.000000e+000	2.871167e-004	1.348713e-002	1.310577e-002
1.249989306653669e-006	0.000000e+000	2.418778e-004	1.348711e-002	1.310577e-002
1.249993306653669e-006	0.000000e+000	1.513999e-004	1.348708e-002	1.310577e-002
1.249996306653669e-006	0.000000e+000	8.354153e-005	1.348706e-002	1.310577e-002
1.249997306653669e-006	0.000000e+000	6.092206e-005	1.348705e-002	1.310577e-002
1.250000000000001e-006	0.000000e+000	-2.021410e-014	1.348704e-002	1.310577e-002
1.250000100000001e-006	1.000000e-001	-2.261947e-006	1.348704e-002	1.310577e-002
1.250000300000001e-006	3.000000e-001	-6.785840e-006	1.348887e-002	1.310577e-002
1.250000700000001e-006	7.000000e-001	-1.583363e-005	1.350043e-002	1.310578e-002
1.250001000000001e-006	1.000000e+000	-2.261947e-005	1.351466e-002	1.310578e-002
1.250001240000001e-006	1.000000e+000	-2.804814e-005	1.352814e-002	1.310579e-002
1.250024600000002e-006	1.000000e+000	-5.564389e-004	1.483831e-002	1.310649e-002
1.250047960000002e-006	1.000000e+000	-1.084830e-003	1.614510e-002	1.310718e-002
1.250071320000003e-006	1.000000e+000	-1.613220e-003	1.744852e-002	1.310788e-002
1.250094680000004e-006	1.000000e+000	-2.141611e-003	1.874856e-002	1.310857e-002
1.250118040000004e-006	1.000000e+000	-2.670001e-003	2.004523e-002	1.310927e-002
1.250141400000005e-006	1.000000e+000	-3.198391e-003	2.133852e-002	1.310996e-002
1.250164760000006e-006	1.000000e+000	-3.726782e-003	2.262843e-002	1.311065e-002
1.250328600000010e-006	1.000000e+000	-7.432743e-003	3.158202e-002	1.311550e-002
1.250656280000019e-006	1.000000e+000	-1.484459e-002	4.900516e-002	1.312511e-002
1.251311640000037e-006	1.000000e+000	-2.966769e-002	8.198200e-002	1.314401e-002
1.252622360000073e-006	1.000000e+000	-5.931054e-002	1.421269e-001	1.318078e-002
1.254331344375073e-006	1.000000e+000	-9.795122e-002	2.109340e-001	1.322683e-002
1.256040328750073e-006	1.000000e+000	-1.365761e-001	2.689624e-001	1.327053e-002
1.257749313125073e-006	1.000000e+000	-1.751783e-001	3.162285e-001	1.331151e-002
1.259458297500073e-006	1.000000e+000	-2.137515e-001	3.532225e-001	1.334945e-002
1.261167281875073e-006	1.000000e+000	-2.522891e-001	3.802721e-001	1.338393e-002
1.262876266250074e-006	1.000000e+000	-2.907849e-001	3.976917e-001	1.341457e-002
1.264585250625074e-006	1.000000e+000	-3.292324e-001	4.058527e-001	1.344102e-002
1.266294235000074e-006	1.000000e+000	-3.676252e-001	4.051891e-001	1.346300e-002
1.268003219375074e-006	1.000000e+000	-4.059570e-001	3.961875e-001	1.348029e-002
1.269712203750074e-006	1.000000e+000	-4.442213e-001	3.793762e-001	1.349269e-002
1.271421188125074e-006	1.000000e+000	-4.824120e-001	3.553157e-001	1.350008e-002
1.273130172500074e-006	1.000000e+000	-5.205225e-001	3.245896e-001	1.350238e-002
1.274839156875074e-006	1.000000e+000	-5.585466e-001	2.877979e-001	1.349953e-002
1.276548141250074e-006	1.000000e+000	-5.964780e-001	2.455576e-001	1.349155e-002
1.278257125625074e-006	1.000000e+000	-6.343103e-001	1.985118e-001	1.347847e-002
1.279966110000074e-006	1.000000e+000	-6.720373e-001	1.473384e-001	1.346041e-002
1.281675094375074e-006	1.000000e+000	-7.096528e-001	9.273844e-002	1.343751e-002
1.283384078750074e-006	1.000000e+000	-7.471504e-001	3.540204e-002	1.340998e-002
1.285093063125074e-006	1.000000e+000	-7.845240e-001	-2.402619e-002	1.337801e-002
1.286802047500074e-006	1.000000e+000	-8.217672e-001	-8.496826e-002	1.334182e-002
1.288511031875074e-006	1.000000e+000	-8.588741e-001	-1.469191e-001	1.330159e-002
1.290220016250074e-006	1.000000e+000	-8.958384e-001	-2.094446e-001	1.325751e-002
1.291929000625074e-006	1.000000e+000	-9.326539e-001	-2.721768e-001	1.320976e-002
1.293637985000074e-006	1.000000e+000	-9.693146e-001	-3.348068e-001	1.315849e-002
1.295346969375074e-006	1.000000e+000	-1.005814e+000	-3.970785e-001	1.310386e-002
1.297055953750074e-006	1.000000e+000	-1.042147e+000	-4.587819e-001	1.304600e-002
1.298764938125074e-006	1.000000e+000	-1.078307e+000	-5.197464e-001	1.298505e-002
1.300473922500074e-006	1.000000e+000	-1.114287e+000	-5.798358e-001	1.292111e-002
1.305600875625074e-006	1.000000e+000	-1.221096e+000	-7.538980e-001	1.271248e-002
1.307309860000074e-006	1.000000e+000	-1.256301e+000	-8.096377e-001	1.263766e-002
1.309018844375074e-006	1.000000e+000	-1.291297e+000	-8.641710e-001	1.256033e-002
1.310727828750074e-006	1.000000e+000	-1.326079e+000	-9.174761e-001	1.248059e-002
1.312436813125074e-006	1.000000e+000	-1.360641e+000	-9.695389e-001	1.239851e-002
1.314145797500074e-006	1.000000e+000	-1.394977e+000	-1.020352e+000	1.231417e-002
1.315854781875074e-006	1.000000e+000	-1.429082e+000	-1.069912e+000	1.222765e-002
1.317563766250074e-006	1.000000e+000	-1.462949e+000	-1.118219e+000	1.213900e-002
1.319272750625074e-006	1.000000e+000	-1.496573e+000	-1.165277e+000	1.204830e-002
1.320981735000074e-006	1.000000e+000	-1.529949e+000	-1.211093e+000	1.195563e-002
1.322690719375074e-006	1.000000e+000	-1.563071e+000	-1.255676e+000	1.186103e-002
1.324399703750074e-006	1.000000e+000	-1.595933e+000	-1.299041e+000	1.176459e-002
1.326108688125074e-006	1.000000e+000	-1.628530e+000	-1.341208e+000	1.166635e-002
1.327817672500074e-006	1.000000e+000	-1.660857e+000	-1.382199e+000	1.156637e-002
1.329526656875074e-006	1.000000e+000	-1.692908e+000	-1.422046e+000	1.146470e-002
1.332944625625074e-006	1.000000e+000	-1.756162e+000	-1.498446e+000	1.125647e-002
1.338071578750074e-006	1.000000e+000	-1.848843e+000	-1.605455e+000	1.093247e-002
1.344663375625074e-006	1.000000e+000	-1.964556e+000	-1.727341e+000	1.049538e-002
1.351255172500074e-006	1.000000e+000	-2.074777e+000	-1.843814e+000	1.003834e-002
1.357846969375074e-006	1.000000e+000	-2.179506e+000	-1.954874e+000	9.561321e-003
1.364438766250074e-006	1.000000e+000	-2.278742e+000	-2.060521e+000	9.064341e-003
1.371030563125075e-006	1.000000e+000	-2.372486e+000	-2.160755e+000	8.547393e-003
1.377622360000075e-006	1.000000e+000	-2.460738e+000	-2.255576e+000	8.010480e-003
1.384214156875075e-006	1.000000e+000	-2.543498e+000	-2.344983e+000	7.453599e-003
1.393979781875075e-006	1.000000e+000	-2.654593e+000	-2.478863e+000	6.584322e-003
1.403745406875075e-006	1.000000e+000	-2.750254e+000	-2.598427e+000	5.692949e-003
1.413511031875075e-006	1.000000e+000	-2.830480e+000	-2.703677e+000	4.779482e-003
1.423276656875075e-006	1.000000e+000	-2.895273e+000	-2.794611e+000	3.843921e-003
1.433042281875075e-006	1.000000e+000	-2.944632e+000	-2.871231e+000	2.886265e-003
1.442807906875075e-006	1.000000e+000	-2.978556e+000	-2.933535e+000	1.906515e-003
1.452573531875075e-006	1.000000e+000	-2.997047e+000	-2.981524e+000	9.046694e-004
1.455991500625075e-006	1.000000e+000	-2.999486e+000	-2.993443e+000	5.579250e-004
1.457066636666816e-006	1.000000e+000	-2.999856e+000	-2.996783e+000	4.488183e-004
1.457451757916369e-006	1.000000e+000	-2.999932e+000	-2.997921e+000	4.097333e-004
1.457564090834229e-006	1.000000e+000	-2.999949e+000	-2.998248e+000	3.983328e-004
1.457788756669948e-006	1.000000e+000	-2.999974e+000	-2.998893e+000	3.755318e-004
1.457885001661895e-006	1.000000e+000	-2.999982e+000	-2.999166e+000	3.657641e-004
1.458077491645788e-006	1.000000e+000	-2.999995e+000	-2.999709e+000	3.462287e-004
1.458078491645788e-006	1.000000e+000	-2.999995e+000	-2.999712e+000	3.461272e-004
1.458080491645788e-006	1.000000e+000	-2.999995e+000	-2.999717e+000	3.459243e-004
1.458084491645788e-006	1.000000e+000	-2.999995e+000	-2.999728e+000	3.455183e-004
1.458092491645788e-006	1.000000e+000	-2.999995e+000	-2.999751e+000	3.447064e-004
1.458108491645789e-006	1.000000e+000	-2.999996e+000	-2.999795e+000	3.430826e-004
1.458140491645789e-006	1.000000e+000	-2.999997e+000	-2.999885e+000	3.398350e-004
1.458204491645791e-006	1.000000e+000	-2.999999e+000	-3.000063e+000	3.333398e-004
1.458206333333330e-006	1.000000e+000	-2.999999e+000	-3.000068e+000	3.331529e-004
1.458210016708409e-006	1.000000e+000	-2.999999e+000	-3.000078e+000	3.327791e-004
1.458217383458566e-006	1.000000e+000	-2.999999e+000	-3.000099e+000	3.320315e-004
1.458232116958879e-006	1.000000e+000	-2.999999e+000	-3.000139e+000	3.305362e-004
1.458261583959506e-006	1.000000e+000	-3.000000e+000	-3.000221e+000	3.275457e-004
1.458275399332080e-006	1.000000e+000	-3.000000e+000	-3.000259e+000	3.261436e-004
1.458303030077227e-006	1.000000e+000	-3.000000e+000	-3.000336e+000	3.233394e-004
1.458306030077227e-006	1.000000e+000	-3.000000e+000	-3.000344e+000	3.230350e-004
1.458310030077227e-006	1.000000e+000	-3.000000e+000	-3.000355e+000	3.226290e-004
1.458318030077227e-006	1.000000e+000	-3.000000e+000	-3.000377e+000	3.218171e-004
1.458319333333334e-006	1.000000e+000	-3.000000e+000	-3.000381e+000	3.216849e-004
1.458321939845546e-006	1.000000e+000	-3.000000e+000	-3.000388e+000	3.214203e-004
1.458328152869970e-006	1.000000e+000	-3.000000e+000	-3.000405e+000	3.207898e-004
1.458330152869970e-006	1.000000e+000	-3.000000e+000	-3.000410e+000	3.205868e-004
1.458331333333334e-006	1.000000e+000	-3.000000e+000	-3.000414e+000	3.204670e-004
1.458332694260061e-006	1.000000e+000	-3.000000e+000	-3.000417e+000	3.203289e-004
1.458333694260061e-006	1.000000e+000	-3.000000e+000	-3.000420e+000	3.202274e-004
1.458334333333334e-006	1.000000e+000	-3.000000e+000	-3.000422e+000	3.201626e-004
1.458334433333334e-006	9.000000e-001	-3.000000e+000	-3.000422e+000	3.201525e-004
1.458334633333334e-006	7.000000e-001	-3.000000e+000	-3.000416e+000	3.201357e-004
1.458335033333334e-006	3.000000e-001	-3.000000e+000	-3.000376e+000	3.201168e-004
1.458335333333334e-006	0.000000e+000	-3.000000e+000	-3.000328e+000	3.201125e-004
1.458335413333334e-006	0.000000e+000	-3.000000e+000	-3.000313e+000	3.201125e-004
1.458335573333334e-006	0.000000e+000	-3.000000e+000	-3.000283e+000	3.201124e-004
1.458335893333334e-006	0.000000e+000	-3.000000e+000	-3.000222e+000	3.201124e-004
1.458336533333334e-006	0.000000e+000	-3.000000e+000	-3.000102e+000	3.201124e-004
1.458337813333334e-006	0.000000e+000	-3.000000e+000	-2.999860e+000	3.201124e-004
1.458340373333334e-006	0.000000e+000	-3.000000e+000	-2.999378e+000	3.201123e-004
1.458345493333334e-006	0.000000e+000	-3.000000e+000	-2.998414e+000	3.201122e-004
1.458355733333335e-006	0.000000e+000	-3.000000e+000	-2.996486e+000	3.201118e-004
1.458376213333335e-006	0.000000e+000	-3.000000e+000	-2.992635e+000	3.201112e-004
1.458417173333336e-006	0.000000e+000	-2.999999e+000	-2.984952e+000	3.201100e-004
1.458499093333339e-006	0.000000e+000	-2.999997e+000	-2.969660e+000	3.201075e-004
1.458662933333343e-006	0.000000e+000	-2.999988e+000	-2.939367e+000	3.201025e-004
1.458990613333352e-006	0.000000e+000	-2.999954e+000	-2.879930e+000	3.200925e-004
1.459645973333370e-006	0.000000e+000	-2.999816e+000	-2.765474e+000	3.200724e-004
1.460956693333406e-006	0.000000e+000	-2.999318e+000	-2.550229e+000	3.200319e-004
1.462665677708406e-006	0.000000e+000	-2.998275e+000	-2.292007e+000	3.199787e-004
1.464374662083406e-006	0.000000e+000	-2.996764e+000	-2.058496e+000	3.199248e-004
1.466083646458406e-006	0.000000e+000	-2.994755e+000	-1.848784e+000	3.198702e-004
1.467792630833406e-006	0.000000e+000	-2.992249e+000	-1.660444e+000	3.198151e-004
1.469501615208406e-006	0.000000e+000	-2.989246e+000	-1.491298e+000	3.197593e-004
1.471210599583406e-006	0.000000e+000	-2.985747e+000	-1.339390e+000	3.197030e-004
1.472919583958407e-006	0.000000e+000	-2.981752e+000	-1.202964e+000	3.196463e-004
1.474628568333407e-006	0.000000e+000	-2.977262e+000	-1.080442e+000	3.195891e-004
1.476337552708407e-006	0.000000e+000	-2.972278e+000	-9.704062e-001	3.195315e-004
1.478046537083407e-006	0.000000e+000	-2.966800e+000	-8.715848e-001	3.194737e-004
1.479755521458407e-006	0.000000e+000	-2.960829e+000	-7.828345e-001	3.194156e-004
1.481464505833407e-006	0.000000e+000	-2.954367e+000	-7.031291e-001	3.193571e-004
1.483173490208407e-006	0.000000e+000	-2.947415e+000	-6.315467e-001	3.192985e-004
1.484882474583407e-006	0.000000e+000	-2.939973e+000	-5.672596e-001	3.192397e-004
1.486591458958407e-006	0.000000e+000	-2.932043e+000	-5.095240e-001	3.191808e-004
1.488300443333407e-006	0.000000e+000	-2.923626e+000	-4.576724e-001	3.191217e-004
1.490009427708407e-006	0.000000e+000	-2.914724e+000	-4.111052e-001	3.190626e-004
1.491718412083407e-006	0.000000e+000	-2.905338e+000	-3.692836e-001	3.190033e-004
1.493427396458407e-006	0.000000e+000	-2.895469e+000	-3.317241e-001	3.189440e-004
1.495136380833407e-006	0.000000e+000	-2.885120e+000	-2.979923e-001	3.188847e-004
1.496845365208407e-006	0.000000e+000	-2.874291e+000	-2.676980e-001	3.188254e-004
1.498554349583407e-006	0.000000e+000	-2.862986e+000	-2.404910e-001	3.187660e-004
1.500263333958407e-006	0.000000e+000	-2.851205e+000	-2.160566e-001	3.187068e-004
1.501972318333407e-006	0.000000e+000	-2.838951e+000	-1.941121e-001	3.186475e-004
1.503681302708407e-006	0.000000e+000	-2.826225e+000	-1.744039e-001	3.185883e-004
1.505390287083407e-006	0.000000e+000	-2.813030e+000	-1.567039e-001	3.185293e-004
1.507099271458407e-006	0.000000e+000	-2.799368e+000	-1.408076e-001	3.184702e-004
1.508808255833407e-006	0.000000e+000	-2.785241e+000	-1.265311e-001	3.184113e-004
1.510517240208407e-006	0.000000e+000	-2.770652e+000	-1.137092e-001	3.183525e-004
1.512226224583407e-006	0.000000e+000	-2.755603e+000	-1.021938e-001	3.182939e-004
1.513935208958407e-006	0.000000e+000	-2.740096e+000	-9.185162e-002	3.182354e-004
1.515644193333407e-006	0.000000e+000	-2.724135e+000	-8.256312e-002	3.181770e-004
1.517353177708407e-006	0.000000e+000	-2.707721e+000	-7.422090e-002	3.181189e-004
1.519062162083407e-006	0.000000e+000	-2.690857e+000	-6.672851e-002	3.180609e-004
1.520771146458407e-006	0.000000e+000	-2.673547e+000	-5.999931e-002	3.180031e-004
1.522480130833407e-006	0.000000e+000	-2.655793e+000	-5.395552e-002	3.179455e-004
1.524189115208407e-006	0.000000e+000	-2.637598e+000	-4.852727e-002	3.178881e-004
1.525898099583407e-006	0.000000e+000	-2.618964e+000	-4.365180e-002	3.178309e-004
1.527607083958407e-006	0.000000e+000	-2.599897e+000	-3.927278e-002	3.177740e-004
1.529316068333407e-006	0.000000e+000	-2.580397e+000	-3.533959e-002	3.177173e-004
1.531025052708407e-006	0.000000e+000	-2.560469e+000	-3.180677e-002	3.176609e-004
1.532734037083407e-006	0.000000e+000	-2.540116e+000	-2.863352e-002	3.176047e-004
1.534443021458407e-006	0.000000e+000	-2.519341e+000	-2.578317e-002	3.175488e-004
1.536152005833407e-006	0.000000e+000	-2.498148e+000	-2.322280e-002	3.174932e-004
1.537860990208407e-006	0.000000e+000	-2.476540e+000	-2.092284e-002	3.174378e-004
1.539569974583407e-006	0.000000e+000	-2.454521e+000	-1.885675e-002	3.173828e-004
1.541278958958407e-006	0.000000e+000	-2.432095e+000	-1.700067e-002	3.173281e-004
1.542987943333407e-006	0.000000e+000	-2.409264e+000	-1.533318e-002	3.172737e-004
1.544696927708407e-006	0.000000e+000	-2.386034e+000	-1.383505e-002	3.172196e-004
1.546405912083407e-006	0.000000e+000	-2.362407e+000	-1.248902e-002	3.171658e-004
1.548114896458407e-006	0.000000e+000	-2.338388e+000	-1.127955e-002	3.171123e-004
1.549823880833407e-006	0.000000e+000	-2.313981e+000	-1.019273e-002	3.170593e-004
1.551532865208407e-006	0.000000e+000	-2.289190e+000	-9.216045e-003	3.170065e-004
1.553241849583407e-006	0.000000e+000	-2.264018e+000	-8.338250e-003	3.169541e-004
1.554950833958407e-006	0.000000e+000	-2.238471e+000	-7.549257e-003	3.169021e-004
1.556659818333407e-006	0.000000e+000	-2.212552e+000	-6.840004e-003	3.168505e-004
1.558368802708407e-006	0.000000e+000	-2.186266e+000	-6.202350e-003	3.167992e-004
1.560077787083407e-006	0.000000e+000	-2.159616e+000	-5.628987e-003	3.167484e-004
1.561786771458407e-006	0.000000e+000	-2.132609e+000	-5.113350e-003	3.166979e-004
1.563495755833407e-006	0.000000e+000	-2.105247e+000	-4.649544e-003	3.166478e-004
1.565204740208407e-006	0.000000e+000	-2.077535e+000	-4.232274e-003	3.165982e-004
1.568622708958407e-006	0.000000e+000	-2.021082e+000	-3.518808e-003	3.165001e-004
1.572040677708407e-006	0.000000e+000	-1.963287e+000	-2.940440e-003	3.164038e-004
1.575458646458407e-006	0.000000e+000	-1.904188e+000	-2.470948e-003	3.163093e-004
1.578876615208407e-006	0.000000e+000	-1.843824e+000	-2.089185e-003	3.162166e-004
1.582294583958407e-006	0.000000e+000	-1.782236e+000	-1.778096e-003	3.161257e-004
1.587421537083408e-006	0.000000e+000	-1.687648e+000	-1.414635e-003	3.159931e-004
1.592548490208408e-006	0.000000e+000	-1.590538e+000	-1.144141e-003	3.158649e-004
1.596210599583408e-006	0.000000e+000	-1.519569e+000	-1.003427e-003	3.157761e-004
1.599872708958408e-006	0.000000e+000	-1.447582e+000	-8.786103e-004	3.156899e-004
1.603534818333408e-006	0.000000e+000	-1.374576e+000	-7.696923e-004	3.156061e-004
1.607196927708408e-006	0.000000e+000	-1.300551e+000	-6.766725e-004	3.155249e-004
1.610859037083408e-006	0.000000e+000	-1.225507e+000	-5.995509e-004	3.154463e-004
1.614521146458408e-006	0.000000e+000	-1.149444e+000	-5.383276e-004	3.153702e-004
1.618183255833408e-006	0.000000e+000	-1.072362e+000	-4.930024e-004	3.152966e-004
1.624042630833408e-006	0.000000e+000	-9.469541e-001	-4.258004e-004	3.151844e-004
1.629902005833408e-006	0.000000e+000	-8.203230e-001	-3.634260e-004	3.150797e-004
1.635761380833408e-006	0.000000e+000	-6.924688e-001	-3.058793e-004	3.149823e-004
1.641620755833408e-006	0.000000e+000	-5.633915e-001	-2.531603e-004	3.148924e-004
1.647480130833408e-006	0.000000e+000	-4.330911e-001	-2.052689e-004	3.148099e-004
1.653339505833408e-006	0.000000e+000	-3.015676e-001	-1.622053e-004	3.147348e-004
1.659198880833408e-006	0.000000e+000	-1.688211e-001	-1.239693e-004	3.146672e-004
1.666336090003242e-006	0.000000e+000	-7.477459e-003	-7.330954e-005	3.145956e-004
1.666464090003245e-006	0.000000e+000	-4.582175e-003	-7.240627e-005	3.145944e-004
1.666467090003245e-006	0.000000e+000	-4.514316e-003	-7.238510e-005	3.145944e-004
1.666479090003246e-006	0.000000e+000	-4.242883e-003	-7.230043e-005	3.145943e-004
1.666527090003247e-006	0.000000e+000	-3.157149e-003	-7.196174e-005	3.145938e-004
1.666592090003249e-006	0.000000e+000	-1.686884e-003	-7.150313e-005	3.145933e-004
1.666594090003249e-006	0.000000e+000	-1.641645e-003	-7.148901e-005	3.145932e-004
1.666606090003249e-006	0.000000e+000	-1.370212e-003	-7.140435e-005	3.145931e-004
1.666641513339833e-006	0.000000e+000	-5.689549e-004	-7.115443e-005	3.145928e-004
1.666653973320336e-006	0.000000e+000	-2.871167e-004	-7.106653e-005	3.145927e-004
1.666655973320336e-006	0.000000e+000	-2.418778e-004	-7.105242e-005	3.145927e-004
1.666659973320336e-006	0.000000e+000	-1.513999e-004	-7.102419e-005	3.145926e-004
1.666660973320336e-006	0.000000e+000	-1.287805e-004	-7.101714e-005	3.145926e-004
1.666662973320336e-006	0.000000e+000	-8.354153e-005	-7.100303e-005	3.145926e-004
1.666663973320336e-006	0.000000e+000	-6.092206e-005	-7.099598e-005	3.145926e-004
1.666665973320336e-006	0.000000e+000	-1.568312e-005	-7.098186e-005	3.145926e-004
1.666666666666668e-006	0.000000e+000	2.517578e-014	-7.097697e-005	3.145926e-004
1.666666766666668e-006	1.000000e-001	2.261947e-006	-7.097845e-005	3.145926e-004
1.666666966666668e-006	3.000000e-001	6.785840e-006	-7.127126e-005	3.145924e-004
1.666667160017260e-006	4.933506e-001	1.115933e-005	-7.363499e-005	3.145911e-004
1.666667405216568e-006	7.385499e-001	1.670561e-005	-8.177869e-005	3.145868e-004
1.666667630504112e-006	9.638374e-001	2.180149e-005	-9.322740e-005	3.145807e-004
1.666667666666668e-006	1.000000e+000	2.261947e-005	-9.528518e-005	3.145797e-004
1.666878580865327e-006	1.000000e+000	4.793418e-003	-1.197799e-002	3.082159e-004
1.667089495063986e-006	1.000000e+000	9.564144e-003	-2.359746e-002	3.018957e-004
1.667300409262645e-006	1.000000e+000	1.433480e-002	-3.495371e-002	2.956191e-004
1.667511323461304e-006	1.000000e+000	1.910538e-002	-4.604672e-002	2.893861e-004
1.667722237659963e-006	1.000000e+000	2.387589e-002	-5.687651e-002	2.831968e-004
1.667933151858621e-006	1.000000e+000	2.864633e-002	-6.744307e-002	2.770510e-004
1.668144066057280e-006	1.000000e+000	3.341669e-002	-7.774641e-002	2.709487e-004
1.669620510505401e-006	1.000000e+000	6.680639e-002	-1.451742e-001	2.291177e-004
1.671329494880401e-006	1.000000e+000	1.054446e-001	-2.131906e-001	1.826724e-004
1.673038479255401e-006	1.000000e+000	1.440656e-001	-2.701916e-001	1.386549e-004
1.674747463630402e-006	1.000000e+000	1.826627e-001	-3.164839e-001	9.737888e-005
1.676456448005402e-006	1.000000e+000	2.212294e-001	-3.525360e-001	5.919224e-005
1.678165432380402e-006	1.000000e+000	2.597595e-001	-3.786691e-001	2.449863e-005
1.679874416755402e-006	1.000000e+000	2.982464e-001	-3.952018e-001	-6.315194e-006
1.681583401130402e-006	1.000000e+000	3.366837e-001	-4.025119e-001	-3.291378e-005
1.683292385505402e-006	1.000000e+000	3.750652e-001	-4.010392e-001	-5.501784e-005
1.685001369880402e-006	1.000000e+000	4.133844e-001	-3.912750e-001	-7.240186e-005
1.686710354255402e-006	1.000000e+000	4.516350e-001	-3.737512e-001	-8.489125e-005
1.688419338630402e-006	1.000000e+000	4.898106e-001	-3.490312e-001	-9.235912e-005
1.690128323005402e-006	1.000000e+000	5.279048e-001	-3.177006e-001	-9.472315e-005
1.691837307380402e-006	1.000000e+000	5.659114e-001	-2.803612e-001	-9.194347e-005
1.693546291755402e-006	1.000000e+000	6.038240e-001	-2.376319e-001	-8.402406e-005
1.695255276130402e-006	1.000000e+000	6.416364e-001	-1.901594e-001	-7.101960e-005
1.696964260505402e-006	1.000000e+000	6.793423e-001	-1.386248e-001	-5.304103e-005
1.698673244880402e-006	1.000000e+000	7.169354e-001	-8.373022e-002	-3.024957e-005
1.700382229255402e-006	1.000000e+000	7.544094e-001	-2.616295e-002	-2.838370e-006
1.702091213630402e-006	1.000000e+000	7.917582e-001	3.343813e-002	2.898746e-005
1.703800198005402e-006	1.000000e+000	8.289756e-001	9.450180e-002	6.502422e-005
1.705509182380402e-006	1.000000e+000	8.660553e-001	1.565296e-001	1.050764e-004
1.707218166755402e-006	1.000000e+000	9.029911e-001	2.190936e-001	1.489594e-004
1.708927151130402e-006	1.000000e+000	9.397771e-001	2.818316e-001	1.965011e-004
1.710636135505402e-006	1.000000e+000	9.764071e-001	3.444400e-001	2.475416e-004
1.712345119880402e-006	1.000000e+000	1.012875e+000	4.066673e-001	3.019326e-004
1.714054104255402e-006	1.000000e+000	1.049175e+000	4.683074e-001	3.595371e-004
1.715763088630402e-006	1.000000e+000	1.085300e+000	5.291934e-001	4.202280e-004
1.717472073005402e-006	1.000000e+000	1.121245e+000	5.891919e-001	4.838878e-004
1.722599026130402e-006	1.000000e+000	1.227940e+000	7.629300e-001	6.916233e-004
1.724308010505402e-006	1.000000e+000	1.263105e+000	8.185505e-001	7.661352e-004
1.726016994880402e-006	1.000000e+000	1.298061e+000	8.729609e-001	8.431349e-004
1.727725979255402e-006	1.000000e+000	1.332801e+000	9.261402e-001	9.225415e-004
1.729434963630402e-006	1.000000e+000	1.367319e+000	9.780752e-001	1.004277e-003
1.731143948005402e-006	1.000000e+000	1.401611e+000	1.028759e+000	1.088268e-003
1.732852932380402e-006	1.000000e+000	1.435670e+000	1.078188e+000	1.174439e-003
1.734561916755402e-006	1.000000e+000	1.469490e+000	1.126363e+000	1.262721e-003
1.736270901130402e-006	1.000000e+000	1.503067e+000	1.173289e+000	1.353043e-003
1.737979885505402e-006	1.000000e+000	1.536394e+000	1.218971e+000	1.445338e-003
1.739688869880402e-006	1.000000e+000	1.569465e+000	1.263420e+000	1.539541e-003
1.741397854255402e-006	1.000000e+000	1.602277e+000	1.306652e+000	1.635590e-003
1.743106838630402e-006	1.000000e+000	1.634822e+000	1.348685e+000	1.733426e-003
1.744815823005402e-006	1.000000e+000	1.667096e+000	1.389545e+000	1.832995e-003
1.746524807380402e-006	1.000000e+000	1.699093e+000	1.429262e+000	1.934247e-003
1.748233791755402e-006	1.000000e+000	1.730808e+000	1.467870e+000	2.037137e-003
1.749942776130402e-006	1.000000e+000	1.762306e+000	1.505657e+000	2.141245e-003
1.750000000000000e-006	1.000000e+000	1.763356e+000	1.506905e+000	2.144758e-003
